"","V1","V2","V3","V4","V5","V6","V7","V8","V9","V10","V11","V12","V13","V14","V15","V16","V17","V18","V19","V20","V21","V22","V23","V24","V25","V26","V27","V28","V29","V30","V31","V32","V33","V34","V35","V36","V37","V38","V39","V40","V41","V42","V43","V44","V45","V46","V47","V48","V49","V50","V51","V52","V53","V54","V55","V56","V57","V58","V59","V60","V61","V62","V63","V64","V65","V66","V67","V68","V69","V70","V71","V72","V73","V74","V75","V76","V77","V78","V79","V80","V81","V82","V83","V84","V85","V86","V87","V88","V89","V90","V91","V92","V93","V94","V95","V96","V97","V98","V99","V100","V101","V102","V103","V104","V105","V106","V107","V108","V109","V110","V111","V112","V113","V114","V115","V116","V117","V118","V119","V120","V121","V122","V123","V124","V125","V126","V127","V128","V129","V130","V131","V132","V133","V134","V135","V136","V137","V138","V139","V140","V141","V142","V143","V144","V145","V146","V147","V148","V149","V150","V151","V152","V153","V154","V155","V156","V157","V158","V159","V160","V161","V162","V163","V164","V165","V166","V167","V168","V169","V170","V171","V172","V173","V174","V175","V176","V177","V178","V179","V180","V181","V182","V183","V184","V185","V186","V187","V188","V189","V190","V191","V192","V193","V194","V195","V196","V197","V198","V199","V200","V201","V202","V203","V204","V205","V206","V207","V208","V209","V210","V211","V212","V213","V214","V215","V216","V217","V218","V219","V220","V221","V222","V223","V224","V225","V226","V227","V228","V229","V230","V231","V232","V233","V234","V235","V236","V237","V238","V239","V240"
"1-6-1",NA,NA,NA,NA,2.36198610046015,2.14511088832623,1.88987710365611,1.62216610445409,1.3586973357103,1.12049009928632,0.927396912629196,0.793704459284007,0.725131698825211,0.725133280345591,0.789901047318544,0.907271272634861,1.05837273192022,1.22676734588363,1.38825962828132,1.5221295090364,1.61126843976738,1.65381226492207,1.6468232350651,1.6040257377532,1.54309307526878,1.48521553297081,1.45177121377724,1.44306539192403,1.47152593329766,1.53471792144179,1.62414284150887,1.72165816188835,1.82568859943161,1.91802056141574,1.98736108481632,2.02594255637208,2.02780051661543,1.9968800258891,1.93321102635086,1.84366742041673,1.73648463784932,1.62855796225723,1.51993266723741,1.42510148079415,1.35519396586006,1.31759626821606,1.31985709587437,1.35880298205861,1.43662523322441,1.54681378300565,1.68221781066365,1.82990132480992,1.98470619535271,2.13734633795072,2.27583420767542,2.39274503895846,2.47699729995442,2.53179596384311,2.55213328083626,2.53865912976149,2.49284147628369,2.42006727485369,2.32536929079488,2.20913850835741,2.08584560087664,1.96809643019049,1.88096471634768,1.83794701570748,1.85564543532251,1.95643100320328,2.15034084339926,2.4320660231487,2.77389870713395,3.16996296500742,3.56209726602907,3.90528945470763,4.15227264910709,4.28319400896386,4.28646336337757,4.16764641226965,3.95025689506879,3.67045346740789,3.37872708551476,3.07728549027349,2.81535334827522,2.61162969190216,2.47675715708806,2.40634189695758,2.39882648121714,2.43942986416248,2.51164663905047,2.59907810430284,2.6800685803441,2.75992243034456,2.82318029690853,2.86604241743859,2.8884901595999,2.89356774370083,2.88334203332109,2.86210305012388,2.83726970045191,2.81568382340343,2.81291226296306,2.82916143742155,2.87900524888025,2.97437962960605,3.1237505986809,3.33338843379759,3.60026973719869,3.92370664890778,4.29238573677542,4.69493039380142,5.11750540368233,5.55207108598614,5.99029939934712,6.42474507750563,6.853411730673,7.27632050368106,7.69541295432908,8.11169583826947,8.52559594568588,8.93379623009262,9.32317978178495,9.68592903412813,10.0092548503716,10.2761710272572,10.4754540503388,10.6033749069582,10.6719387606166,10.6845036334557,10.6722018514693,10.6625593717716,10.6863832613326,10.7605409406604,10.8939630343806,11.0920745391561,11.3475295544153,11.6473220664695,11.9715545780853,12.3178437575876,12.6669095577638,13.0130187955569,13.355018550131,13.6962086539735,14.0421402531325,14.39792920568,14.7664767704857,15.1446713527079,15.5191023681185,15.8834300631869,16.2164340936949,16.501404544787,16.7274314736441,16.9010116435581,17.0249755900943,17.1239088038194,17.2275260651306,17.3630553553501,17.5570818585543,17.8037669860209,18.1068541632888,18.4490323163823,18.8092827955703,19.1624404218567,19.501905504497,19.8166927753293,20.1031345371178,20.3632761022315,20.5896426316829,20.7869349078222,20.9433909254768,21.0428161192731,21.0688547598513,20.9991428706523,20.8402624571401,20.5839091226316,20.246304919514,19.8482173529673,19.429810976412,19.0159324204021,18.6330944201726,18.3264998256458,18.1272546968134,18.0763828345929,18.1766713508511,18.4482315442367,18.8924953978054,19.5013223256741,20.251898217896,21.1014669215624,22.0411785243237,23.0010960040811,23.9328010399734,24.7808927655151,25.5107012503155,26.1020288178798,26.5300726923243,26.7902622697034,26.8842094823168,26.8378074523325,26.6431390258431,26.3367805199568,25.9368207137407,25.4586107727328,24.9206689798892,24.3208290789735,23.6761272441085,22.9963407022067,22.2989491218353,21.6227107834208,20.9650642890513,20.3741785417757,19.8852408085391,19.5319659699809,19.3362063473978,19.2975035841383,19.4090386479167,19.6294275229933,19.9038495151398,20.1032991865258,20.2278233260336,20.1569581432722,19.8103703292125,19.1367101857209,18.1283598215278,16.7793153003594,15.1316433821052,13.2833157533347,11.3332766015438,9.39061108962014,7.53995818867983,5.86850749563986,4.43415479055788,3.26159351826125,2.3603765876597,1.72382788398145,1.27776270943902,1.00726333486664,0.873053629659724,0.832639711828198
"1-7-1",NA,NA,NA,NA,1.4916012725699,1.48510400966357,1.48607455024256,1.50179835040037,1.53559660802225,1.59261451603876,1.67619846035126,1.78595391790782,1.9187466695226,2.06798989384014,2.22368973503976,2.3687688592525,2.48618156071775,2.56561642547815,2.58836084465766,2.54292077309914,2.42326318986393,2.24285318981244,1.9992187059642,1.72212895324793,1.43655247347101,1.16990939495201,0.947629683188505,0.772423833349436,0.658683525717081,0.605078360711257,0.605217414481312,0.644840709228095,0.722762485616866,0.824956171679896,0.942851439907986,1.07129799667987,1.20542861534734,1.34632818675188,1.49060308796349,1.63673214584283,1.78342361488411,1.92608045567654,2.06572726420654,2.19772289949531,2.31935863933073,2.42711277384086,2.51888737477358,2.59235167205797,2.64634453178665,2.68436232525669,2.7120512057956,2.74581130743379,2.78848669793754,2.85494956004228,2.95761232711153,3.10189331377845,3.27857661308429,3.47685690339899,3.6817528743643,3.85821077505107,3.97719623562175,4.00699862247376,3.94546980073493,3.78330325184037,3.53271807490656,3.21451886096834,2.86150491759341,2.50090105161923,2.14616812566668,1.83006665624227,1.5673871657131,1.36921212143093,1.23282591941366,1.16202982780098,1.14753669145669,1.1809498684777,1.25158860056178,1.34680543730045,1.46955766645562,1.60529474689389,1.74998642036421,1.90152267324252,2.06236221066169,2.22958156758952,2.40872175326373,2.60381052759539,2.81978205569681,3.06173943955811,3.32894963990443,3.6243653531337,3.94608530779916,4.28892955652358,4.63977166523237,4.99659903182615,5.34336737305522,5.66779899047348,5.96037822597779,6.21540827075927,6.43447891295349,6.6202943829769,6.78264919399308,6.93178991102171,7.08371710015376,7.23681834497528,7.40023868944916,7.57660632183652,7.76526278662962,7.96796157151965,8.17742052906718,8.39474593126206,8.61587417268817,8.83743199650693,9.04888542746179,9.24568677529384,9.41853426403831,9.54870084669096,9.61944533303577,9.60270694444929,9.49462643283201,9.27800065572271,8.94455704903128,8.49415590465983,7.93662229127293,7.29549935171577,6.58206763316293,5.83901119081652,5.09934132325035,4.40090619224824,3.76356179527258,3.20157359886293,2.73064105651317,2.35454584970921,2.07581559905348,1.88797238694436,1.79897280118166,1.80113004614872,1.89379747544837,2.07499960665992,2.33392208467303,2.67375598508621,3.07462253511072,3.5228110371865,4.00241670744193,4.49924974345808,5.00807200860432,5.51874022631872,6.02798348235636,6.53544284633823,7.04703806943544,7.55684516162203,8.07213785069443,8.59704104763368,9.1359680383151,9.69524204077747,10.2725563965636,10.8720036638976,11.490199741331,12.1186534033932,12.7312467103373,13.3230025455835,13.8629087224644,14.3243529979095,14.6877115192262,14.9488751273283,15.1058135824874,15.1709871585081,15.1715003424476,15.1338327278761,15.0842482543442,15.0261838090244,14.967256919469,14.8927987733525,14.7772709656358,14.5652081656487,14.2449820121815,13.7788911280935,13.1349704895447,12.3020053940765,11.2906282646967,10.1357298797468,8.86152522476606,7.54323664093097,6.24485366362328,5.04497388969062,3.9751576737527,3.0678076031465,2.34918847130175,1.81933538457495,1.46515671433941,1.25516510623086,1.19093240441253,1.22606465832427,1.33616525996543,1.49487998207726,1.68354941284012,1.89913291086137,2.12203881988277,2.34693806563723,2.57157176887806,2.80491039853289,3.03731359682558,3.28472036386708,3.55456303002774,3.85555714899007,4.19620275444718,4.57398394242747,4.99418808864749,5.4546083747036,5.95002843513044,6.46826076203418,7.00645533074851,7.54941577882573,8.08481607013578,8.60167704521221,9.088482733587,9.54397864416352,9.96143466378545,10.3398080022643,10.6794427850443,10.9803804123536,11.2445800088092,11.4721528686987,11.664520422594,11.8214489701551,11.9435168770056,12.0288740377341,12.0780558845812,12.0932570911241,12.0771121555609,12.0343221012911,11.9697941277216,11.8921147381235,11.8119681868422,11.7410462739336,11.6899224690218,11.6736438614135,11.7140341959442,11.8210782134751,12.0096360230748,12.2946804609825
"1-7-2",NA,NA,NA,NA,1.4068596484334,1.32454374257921,1.24479134613264,1.17931879316959,1.1347756268863,1.11844392242733,1.13474384718575,1.18359477087124,1.2613059306345,1.36170748907055,1.47635742128048,1.59380916530734,1.70354836945941,1.79924251426725,1.87179262223952,1.91610598972971,1.92963340050203,1.91751261305025,1.87866531405545,1.82374585859903,1.76103534429591,1.69915640521057,1.64614190456248,1.6016473761802,1.5702010333607,1.55111719851668,1.54249847028536,1.54102356394372,1.54699817447512,1.55807897995475,1.573472845527,1.59300341716926,1.61495697450122,1.64059672089151,1.66745305520664,1.69340356659106,1.71653956506908,1.73785940379777,1.75481493415275,1.76956484380495,1.78558026758123,1.80697105105205,1.84002483777972,1.88572826564145,1.94845783255959,2.02775918420488,2.11997612385337,2.21012851702012,2.29434995552475,2.35793029236544,2.38424566797733,2.36231306544703,2.28735659414862,2.166473200821,2.00413236985951,1.8233035044115,1.6461727012291,1.50340842696057,1.40506684994626,1.36402831660304,1.39014932837535,1.48250832110234,1.6343053163887,1.83070913859425,2.06936906608882,2.32790721269528,2.5913388810145,2.84027042702524,3.06091737104982,3.24693777610217,3.38167951576492,3.45790474326046,3.47130792832791,3.43012955209354,3.32985046714092,3.18832082979317,3.01841582617749,2.83423042419642,2.64994736849372,2.46731563124621,2.2967302189575,2.13988428005034,1.99636350436642,1.86344853871337,1.74127452094855,1.62749873831881,1.52259759597898,1.42960603171128,1.35463363724282,1.30082386768416,1.27488382098082,1.28066441323799,1.31933070901851,1.38417233230219,1.47334128474092,1.57478560478809,1.67599656048317,1.76678361658994,1.83872517722824,1.8952054440049,1.93730392675331,1.97493415106829,2.01868272059594,2.08067558536411,2.16366889878244,2.27204279726174,2.40650243724068,2.56483288300077,2.74943621446787,2.95685503110089,3.19119752173624,3.45880473971211,3.76670524790521,4.12458962607295,4.52911468916452,4.98394229289692,5.47939277015847,6.00296225043316,6.53071275204958,7.04476040623924,7.52921935500976,7.95511818607253,8.30357974649362,8.55710365099299,8.71628382064585,8.77434258895138,8.74268096558429,8.63451097152841,8.46891515836387,8.26604805597647,8.03001831068147,7.78373682506903,7.53613431102803,7.29243380646332,7.04948542342649,6.8095427394784,6.56399839944203,6.30686479607765,6.03236224900232,5.73742849703171,5.42738884187512,5.10347299400225,4.77189821696798,4.43901495098299,4.11172638086176,3.79111243768155,3.4812922691896,3.18470369495966,2.90533935354244,2.6556569046914,2.43686374301376,2.26562303965567,2.15574699859374,2.11878948779003,2.16379385385977,2.28640958130119,2.48377218350755,2.7416347527168,3.0451361125055,3.37339987484201,3.72296399499042,4.08069914700742,4.4386612069954,4.79275172803846,5.13589421263283,5.46821774998832,5.78176696674516,6.07166872043884,6.33372295203037,6.5710274734885,6.78450149076288,6.9792147137287,7.170543896797,7.37083630852674,7.59517112805746,7.84220207720642,8.11671595665154,8.41113419468148,8.71339988639678,9.00183211350116,9.26005268122508,9.47680212805031,9.62799977982266,9.69961131030464,9.6767352473141,9.56023759525657,9.34496326447213,9.03720003265124,8.64569945305176,8.18376585880017,7.67244636814055,7.11436801371648,6.53751407740923,5.95864025049553,5.3957362299355,4.86207250377928,4.36358351368493,3.91042883810546,3.50719950579826,3.15792597118874,2.86066496427547,2.6213311735342,2.43497385864679,2.29844003098986,2.20669616950633,2.14743054372555,2.12036510692535,2.10959134483053,2.10373017136912,2.09353491860569,2.07307650453941,2.04232927622786,2.00206931728168,1.95871357301038,1.91887814917408,1.89144905742952,1.87515828629874,1.87347388166856,1.88559092433929,1.90855984362135,1.93879648219931,1.974495897604,2.01415579269189,2.05742393624005,2.10508016161119,2.15761846610833,2.21530013356165,2.27592533943644,2.33472027188551,2.38494687767758,2.41931917152079,2.42745725522482,2.39204646168403,2.30422266576768,2.15163234435499,1.92173904411938
"2-11-1",NA,NA,NA,NA,1.88107238697143,2.23036208900083,2.61417195884603,3.00029906241509,3.36776177329731,3.69456520809299,3.96374252578237,4.16680502498191,4.30452322192275,4.37984665873323,4.40000279582993,4.37350854098818,4.30995110239276,4.2172059541761,4.10169484235876,3.96881673728393,3.82419641182378,3.67527111687808,3.52179306548159,3.37384652208135,3.23802032481105,3.12166420962835,3.02941265723494,2.96514237310359,2.92980892281034,2.92183659915701,2.93799567296333,2.97090633380923,3.01872718178961,3.07284364792593,3.12693637481587,3.17658816530616,3.21878441765954,3.25353080135235,3.28039676804457,3.30022490475261,3.3130976573815,3.31200667279871,3.29906793615413,3.26523242169391,3.20275133168382,3.10423705140405,2.96218264234038,2.77969588274749,2.555961123366,2.30096613067135,2.0270074669087,1.75757259234687,1.50082908357128,1.2751363583409,1.09917751248782,0.984177903441892,0.935974680292592,0.950392119838612,1.02650489634627,1.14838667362443,1.30159613392331,1.46818648581636,1.64072735671493,1.81240547041061,1.97789769468962,2.1401295072298,2.30676655789009,2.48820777274589,2.68920871427483,2.92218810859621,3.19226842319546,3.49883729318286,3.83655853116073,4.20013840704811,4.57712002896346,4.95810817463223,5.33953684010236,5.72832272648512,6.12571480186013,6.55196111176882,7.02561583461575,7.56824291465369,8.18870349465717,8.88612346191981,9.65564551317146,10.481811534678,11.3446547804535,12.2116305879161,13.0776826983595,13.9103513359736,14.6866608020648,15.3815419548058,15.9526844299047,16.3997019077911,16.6798476846071,16.7664834061924,16.6383383685545,16.2797094530942,15.7029741480595,14.9165627391619,13.955360781631,12.8559210119516,11.6764541780991,10.4321205367497,9.17130105997992,7.93491941549404,6.75291368000047,5.66735107457934,4.6778680753404,3.81495874826406,3.09030329060495,2.51232381805468,2.08009448506659,1.7867025365686,1.62905208171025,1.57559810079033,1.60077757929126,1.66274208070986,1.74789628141137,1.83018781736811,1.88478172648837,1.90268707682159,1.8900229016604,1.8670594266013,1.84196193841113,1.85993898134909,1.9546148509788,2.16212942523128,2.493217191253,2.9558257997953,3.54672452574044,4.24902290293565,5.03885643599569,5.88641585085123,6.78342319710967,7.70012302103015,8.6249837202622,9.55462619372012,10.4887120890912,11.4267516789881,12.3720089711458,13.3230803891213,14.2709884461001,15.1892729962564,16.0675109468285,16.8654055176355,17.5472734520811,18.0760498200654,18.4196067286885,18.5757361321025,18.5313780099906,18.2934024066405,17.8742103798553,17.2981831665522,16.5715505815902,15.7206542536785,14.7690155135247,13.7375954963739,12.6622909434082,11.5482611733149,10.431894113545,9.34109318248734,8.29864856590847,7.321390297292,6.41470742669883,5.58367583770933,4.81649160886518,4.10168841891182,3.42361971765605,2.78073660471252,2.16732691256387,1.58495826606827,1.04415506074753,0.571190723140526,0.174809673940624,-0.124519825797579,-0.306006855811454,-0.358385531450712,-0.280618567892808,-0.0855658919838287,0.217637921729379,0.594525667530747,1.01371807104238,1.43487073659861,1.84181202085645,2.21709916796992,2.54637132928449,2.83013913554061,3.07768384018608,3.3094520810862,3.52748270541866,3.76149423630673,4.02817306891401,4.34564384467004,4.72153092481427,5.15477639537199,5.65032503218766,6.20549139852548,6.81898051931882,7.48176395660805,8.19935245024922,8.96104893059118,9.75978913117728,10.5814973875111,11.3957817526196,12.1979499923363,12.945798557675,13.6083584783791,14.1585403837558,14.5843793989103,14.8784096404001,15.0501667110541,15.120901757731,15.1160811177032,15.0679762347839,14.9798727026898,14.8722281723657,14.7462946279975,14.5924620996626,14.3747313945131,14.0941322209495,13.7156644151173,13.2154687132851,12.5800680311599,11.8115129896987,10.9142907773348,9.91014088202715,8.83931685490736,7.74343139258791,6.66714809102562,5.64589102917544,4.71494623574153,3.8978134390441,3.20543923508395,2.64350346126599,2.21035713623272,1.87650810430282,1.63880750655313,1.48309782873551,1.39357728205313
"2-12-1",NA,NA,NA,NA,3.54345202327795,3.2862418313929,3.00544930594748,2.72797674518508,2.47114530386644,2.25307930635555,2.08768767067213,1.98177727686325,1.93426028818282,1.94241293137709,1.99999234618159,2.09970944744387,2.2334746586939,2.39470796207189,2.57774138786816,2.77748322550665,2.98752234542637,3.19949416777096,3.41307901703517,3.61673366145202,3.8031497303133,3.96487683418916,4.09991649502928,4.2053725540715,4.28497874426935,4.3449484619058,4.39382415676621,4.44671264908022,4.50340339948407,4.5785048014441,4.68061365877687,4.8163243878092,4.99138589821435,5.20426972220438,5.45630297732936,5.74249125004382,6.05631136744369,6.37969468672535,6.71409912687681,7.04259576848627,7.35179162773902,7.63216262203909,7.88029702329575,8.09550930412501,8.2806576950608,8.44976884539775,8.61865586762157,8.81469564807681,9.04401792537523,9.32607498686448,9.67221983409613,10.0824812048572,10.541239431652,11.0279126136712,11.5211426143268,11.9799977443326,12.3755884224416,12.6859216562499,12.914640559364,13.0646486756445,13.1592077695782,13.2217009043342,13.2639817632321,13.289633787155,13.291695573027,13.2457638570527,13.1238337339518,12.9012240956064,12.584891792916,12.1706345365807,11.7018739727422,11.2285431103252,10.8198670520321,10.5330143285791,10.3903549458347,10.4386298817861,10.688634603354,11.1359920019656,11.7355118148191,12.4881749496058,13.3260080812078,14.2008944280397,15.0645698321378,15.8668477034053,16.6046697368812,17.2413970882496,17.7669597055675,18.1776615417969,18.4781028488272,18.6630970471769,18.7393668970858,18.7115603306135,18.5800487634692,18.3392598533972,17.9941202271351,17.5411119294582,16.9814806975148,16.3153966144224,15.5402364051355,14.6667492813545,13.6981529733826,12.6493241006755,11.5387433524891,10.409609000916,9.27299517060612,8.17060575020297,7.14561614544919,6.2320044605678,5.4608686768708,4.83129508845793,4.3547273584032,4.00836640318915,3.76502308481849,3.5765003599171,3.42067124922915,3.26881504712366,3.08447709513685,2.85430922985554,2.58279171792855,2.29032128372529,1.9880238642426,1.72245915056751,1.52902588623691,1.44369541532254,1.472447883574,1.61942349402788,1.87279484458149,2.20762587279257,2.58890874057594,2.9840961129547,3.38562943390624,3.76186211537523,4.10228603884554,4.39814325994776,4.65115575834444,4.85764683899175,5.02027616386227,5.14101908268981,5.22407810218896,5.28590626776041,5.32028040624226,5.35251092310885,5.39964098341086,5.48096261790247,5.61651930910701,5.80831884635047,6.06936741545667,6.40049223554876,6.79780488119605,7.24543449488472,7.7399352960335,8.26002838179241,8.78497237050857,9.29651929995984,9.77229080492365,10.2095817227016,10.5932785143418,10.9183155026513,11.1838977833375,11.3976433187678,11.5579960528643,11.6727568206536,11.7502331454428,11.7940753552239,11.7977854031932,11.7612856984454,11.6747221358995,11.5221587326818,11.287538833814,10.9451797328049,10.4973585565393,9.9309802377745,9.24855320460127,8.46143445483261,7.60112617522712,6.69450353961744,5.7688758404769,4.8777670030421,4.05996303316309,3.35405095895661,2.76636137661176,2.31187843717937,1.97988502611927,1.75209411134225,1.59937478398751,1.49571435254063,1.43436027949807,1.38567673068576,1.34155558041939,1.30227962453107,1.27910156870116,1.2737663378993,1.30619404260832,1.39045477834095,1.53949542133004,1.75673020340716,2.03977862731793,2.38240574151855,2.77106840186671,3.18812578204123,3.61109279819803,4.03673062325666,4.44452626795849,4.82563840378817,5.17436363917601,5.48979582134556,5.77261952347579,6.02574193890548,6.25341483015805,6.45845159231409,6.64309658782557,6.80678945732844,6.95033569022278,7.0748301754137,7.18178293133842,7.27942072439866,7.36960744427363,7.46429493653326,7.57587556903544,7.71562965953746,7.89222540179287,8.11217370168715,8.37883053440259,8.68882830128646,9.03670748236382,9.41439360933504,9.81517462532154,10.230354886238,10.6524415933187,11.0766018029401,11.500323819184,11.9207909619777,12.3357283737056,12.7470422970147,13.1556332308254,13.5634216210479
"3-15-1",NA,NA,NA,NA,3.02446525924572,2.97937244741599,2.90992543706356,2.82563452974413,2.73303394213419,2.63866778273438,2.54708342316475,2.46009494190136,2.37742795665598,2.29745834950264,2.21760649726471,2.13430288986527,2.04532945459689,1.95030334800022,1.84858634476991,1.74148719330547,1.63226637373134,1.52692940066051,1.42637365685965,1.33842219297865,1.26858822860725,1.22286448532475,1.20570371737724,1.21807853556266,1.26190870999749,1.33567622929511,1.43577277252997,1.55291764930205,1.68586268045911,1.82298960086765,1.95529999915457,2.07540986416058,2.17652019626593,2.25961577617635,2.32268451265706,2.36847575629757,2.40014795288194,2.42230107692197,2.43457041072345,2.43903183181129,2.43696855314088,2.42875298517816,2.41669717841155,2.40145511633157,2.38673108258766,2.37625798962263,2.37261256273116,2.37459940789151,2.38129626798016,2.38890813315522,2.38986727392572,2.37809427086878,2.34844034285342,2.302850983512,2.24192716248692,2.1731469852198,2.10477768555022,2.04930876550352,2.00996089840275,1.9910313329536,1.99684936008203,2.02812670228375,2.08616831488483,2.16785232412975,2.27610546876715,2.40716192298555,2.55686438878543,2.71284675459929,2.8599667373989,2.99122302174533,3.08002560642935,3.10889597640217,3.06339084106618,2.94849517134425,2.76031243981864,2.52126672715974,2.25393747432043,1.98528357796423,1.74195263987817,1.52660962080601,1.35809434081763,1.23894696211739,1.16799880097162,1.13811207885918,1.14963650792265,1.19516931958699,1.27040998466165,1.3714088956959,1.48799511043996,1.62354881554445,1.76525191918453,1.90334802353992,2.02890159848164,2.1332992030558,2.21582458127123,2.27371285653701,2.31247520889265,2.34009114464122,2.37451542154993,2.41865799543381,2.48891690456326,2.59795303623015,2.75297836881833,2.95592531856504,3.20180142507732,3.48512276025428,3.79162248648044,4.10872508171275,4.42438289335949,4.73537298376021,5.03858281051603,5.33563020506882,5.63165942863682,5.93235113808695,6.23947278953901,6.55353888754322,6.87106529036291,7.18495362773207,7.48273828561492,7.75837943765366,8.00401892702113,8.21287840124759,8.38306205353369,8.51777484961009,8.62573146174845,8.71038643816196,8.78790560810199,8.87044824599249,8.97188644580216,9.09746754734069,9.24979751038488,9.43045806200775,9.63574923408142,9.86099069375438,10.0952967030823,10.3389871569653,10.580278599325,10.8128089719642,11.0289439542706,11.2164454591048,11.3753863147483,11.4905117936577,11.5506907049833,11.5424636953877,11.451548583303,11.2760019431907,11.0060681884136,10.6407921843745,10.1834987489814,9.6506286622705,9.04673845356874,8.39645704663812,7.72480028654586,7.05473005384826,6.41606720079908,5.80977585225281,5.25540961628965,4.75837905753354,4.31966513831691,3.93240116981651,3.59702622674428,3.30693331237341,3.05166842311942,2.82434097893696,2.61547077979072,2.42585270564268,2.25003204538117,2.08791348243353,1.94374208388041,1.83232167905144,1.76024321456429,1.74061864127339,1.79226271190055,1.92704247718086,2.15214504033206,2.46038288895304,2.84800232813169,3.29384619429756,3.77761471601937,4.27609845609843,4.77783216423628,5.27460782015159,5.75948342523683,6.23378323904442,6.70247443135785,7.16858464806887,7.6297672303454,8.0877230872281,8.53883854482708,8.97964556556065,9.40469009703816,9.8101264467726,10.1932141325813,10.550450308292,10.8751300492019,11.1546334779162,11.3877972308937,11.5552007036321,11.6421802161436,11.6321978743956,11.5153717928324,11.2881000179907,10.9499083854103,10.5080360815048,9.97434121684108,9.37241375627217,8.70809358020012,8.00891947575584,7.29576695967784,6.58653140029648,5.90034806464237,5.23992626381976,4.61827870894026,4.0407200332098,3.5117798229938,3.04020216611536,2.62684363946476,2.28101648261898,2.00745356608852,1.81134389167938,1.69312883213283,1.65578544184694,1.69499527583053,1.80038430960303,1.96163613875238,2.16680966567838,2.40640655544063,2.66988544716481,2.94974032118087,3.24175208554608,3.54388571357627,3.85415154013395,4.17850718280221,4.51768559668373,4.87479958398415,5.25384045128294
"3-17-2",NA,NA,NA,NA,2.25353720191335,2.10830149840101,1.97448527773835,1.86680015127737,1.7931722055844,1.76239867904226,1.77903839827039,1.84121421440922,1.94251559907045,2.07239329879359,2.21713132909682,2.35767378035188,2.47726237429598,2.56661626257584,2.61090540923937,2.60262304450289,2.53924957705315,2.43322947136542,2.28248836720603,2.11053608435116,1.93534623962164,1.77627475825552,1.6511945165997,1.56075177274098,1.51533206088896,1.51384971338454,1.55167036386066,1.61769052078772,1.71161382175753,1.82187043346693,1.94061655304603,2.06191896785995,2.17746292095067,2.28895052093546,2.38978879556766,2.47721004599717,2.5495963428336,2.6090741573857,2.65398630985637,2.68774171796692,2.71609321692426,2.74437387381362,2.78137504850372,2.82723093900628,2.88788501420373,2.96446895924914,3.05484213900621,3.14731429008011,3.23818435567193,3.31575787584368,3.36433369959133,3.37261021190906,3.33164391559031,3.2447944372017,3.11162467228287,2.94581672095828,2.76266423187444,2.58633677506272,2.4279033691453,2.29951452797772,2.21632689866745,2.18344103497715,2.20028582560728,2.25675359132446,2.35162038238019,2.46504828576703,2.58180663087467,2.68289005962587,2.75696608474437,2.79915880608227,2.79933109782309,2.75673896278571,2.6748937054029,2.56638001458077,2.42989489849638,2.28442259157163,2.14166223046291,2.01357136577871,1.90923309621527,1.83012552246545,1.7811408125514,1.76102874485089,1.76625963267267,1.7888335789598,1.82938978698166,1.87900087200818,1.93308702228357,1.98881857335305,2.04513892919941,2.10351395704314,2.1651684333205,2.23272309280922,2.3083324131367,2.3935919101162,2.48722455110298,2.58841050324746,2.69530669762539,2.80617354982435,2.92064426756345,3.03959964559632,3.16516891170689,3.30059531297802,3.44852420207663,3.6083402927232,3.78038943623889,3.96123058294987,4.14553943168184,4.32862692067767,4.51160179250708,4.6922398233097,4.87409776063787,5.06654858718117,5.27946196271765,5.5286128630076,5.81339938206743,6.14189590191136,6.5111892893952,6.91220138835417,7.32056488924875,7.71548697097633,8.07914968549048,8.37265139941389,8.56916977314412,8.64222283706804,8.59215785626236,8.41075357507208,8.11379509652137,7.72194355830971,7.26430967092643,6.77271052166062,6.2548182319797,5.74556863040633,5.2601377883497,4.81016134392904,4.39701529389668,4.02486642231224,3.68979494780214,3.38918247094254,3.12266514449863,2.88971202188371,2.69713915474475,2.5469278608458,2.44439434657679,2.39339817259666,2.38992282624115,2.43423168986267,2.51395521785347,2.61535766897225,2.72350257792209,2.82088843150374,2.90647955449836,2.96964117995169,3.00989816219245,3.0303683145964,3.04062092956817,3.04313590795705,3.04784299864771,3.06436702937193,3.09941740986799,3.16117063698925,3.24804180333872,3.36405148254273,3.50908182601776,3.6815443828456,3.87841789055272,4.09716087918442,4.3353254527868,4.58798957891298,4.85216862106877,5.1289438761446,5.41316536572812,5.70510217954611,6.00454521930509,6.31155606094397,6.62611908712828,6.94368661984813,7.2635436776414,7.57574017406957,7.86817719186868,8.11368547466945,8.29724131005709,8.40075046107992,8.39468277056024,8.2608661469872,7.98715558036786,7.58893667841262,7.0647134592183,6.45373129845251,5.79242110709305,5.12695687331244,4.49651291449824,3.91560900005821,3.42003289839115,3.02160704690691,2.72469543858055,2.51513923204828,2.39909691859644,2.35213471215455,2.36080246937032,2.41395831056794,2.50286133368798,2.63158366170654,2.79694046187375,3.00352965360826,3.25599587456882,3.55479003288654,3.89934333443437,4.2827343066155,4.694011953832,5.11945486995022,5.54236543776462,5.95788654093507,6.35445875249468,6.73026064692188,7.08879021142594,7.45126613001089,7.81501611729482,8.20273958327321,8.63122855588237,9.11112428985196,9.64330916947601,10.2261782575483,10.8472857723367,11.4802655988614,12.0970522055855,12.6666109547177,13.163575736083,13.5619205697297,13.8426833802171,13.9952351338118,14.0129244455026,13.8935187894709,13.6491400359068,13.2799296735503,12.7906557922393,12.1862474892405
"3-21-2",NA,NA,NA,NA,1.50311344491019,1.60371896149338,1.70938912658315,1.81684757154839,1.92352318824678,2.0269630264517,2.12453085621455,2.21358702493615,2.29254960288144,2.35868348930623,2.40919702348964,2.4392752212293,2.44544257858853,2.42676510306895,2.37953339394869,2.30301362843775,2.19933319666126,2.07818045831693,1.93919205477873,1.79837397067577,1.66752715620364,1.55927477624146,1.48330511960868,1.44158166796539,1.43783115310538,1.46918146753472,1.5299513263968,1.60830790551567,1.70339170910867,1.80276199339513,1.89812557831225,1.98330574175201,2.05221123911024,2.10579560491609,2.14111083850076,2.15910560579243,2.16134619735998,2.15120268868964,2.12874808679258,2.09661953607631,2.05766377294648,2.01340864411191,1.96525229330813,1.91369170287186,1.85968159660245,1.80354329044898,1.74519462298818,1.68258169526687,1.61670835200719,1.54622457884981,1.46994787129086,1.38762803711247,1.29956107757351,1.20882132037785,1.11697370983528,1.0292958117609,0.950879104825503,0.891374040873275,0.85350367617726,0.842009048173804,0.864062846508602,0.924285981923002,1.02907314752488,1.17608069062066,1.36936349665501,1.60373099707408,1.87227147452882,2.15933899537798,2.44606136576104,2.72483874394454,2.96590801193528,3.14984944841111,3.25839063518595,3.29080059890172,3.2408666803573,3.1218307519019,2.94977293233034,2.74585663771118,2.53737533644978,2.32579701310876,2.13674645993431,1.9797665798519,1.8606508080172,1.77878090224763,1.73528500303775,1.72545270564299,1.74451542053442,1.78848289127514,1.85263393418289,1.93951764493042,2.04626137131913,2.17297381934853,2.32087019026766,2.49202196605438,2.68537643740585,2.90145904721708,3.13950012373101,3.3982156688691,3.67575375869568,3.97118786239883,4.28291994048567,4.60923313520472,4.94829587541912,5.29716147016166,5.65391939057522,6.01518287776954,6.37780100699694,6.7396657369569,7.10189142945537,7.46369968370268,7.82718872294549,8.19608466579021,8.57282455797519,8.95842207793149,9.34918804834242,9.74274589347474,10.1303813793202,10.5032864948283,10.8491293630869,11.1626283648173,11.4381858823453,11.6698660490834,11.8555471028262,11.9941998229297,12.0889256846463,12.1381141249557,12.1476071470469,12.1219843148282,12.0707125177365,12.0022658677245,11.9194657672322,11.8364781848548,11.7613420665911,11.7005878669283,11.6493141287452,11.6116361321657,11.5734604808594,11.5211733110225,11.4350617169524,11.2912708159768,11.0888401669392,10.8048344610095,10.4304127159136,9.96132286847202,9.40805170245823,8.77175269246025,8.07462828113863,7.34076848738278,6.59664706466032,5.88022365817602,5.1949089229734,4.57278888356026,4.02971007785021,3.57408714397342,3.20466952203314,2.91800699181053,2.70338894172954,2.54212919101525,2.41890104159989,2.31405477696506,2.22995811565954,2.15754549024866,2.09606618561978,2.04883545560101,2.02094498423624,2.01476328822969,2.03089452885483,2.07245981752182,2.1405092427647,2.24345768473298,2.38095771821535,2.56037502404763,2.79258511949595,3.08520719192722,3.44268677379163,3.85926316650111,4.33296377151902,4.84458987163688,5.37477005447085,5.89484751571944,6.38987912987998,6.84474275926285,7.24161579557823,7.57385174786622,7.8405596140821,8.05435064224979,8.21563911117465,8.34717088694443,8.46521942405839,8.58805687421611,8.72790283000388,8.8859984702226,9.07199519988877,9.28647605476199,9.53236282237558,9.80686771481222,10.1119083201936,10.4468153224352,10.8124470698378,11.2084502221586,11.6207995121378,12.0523200436809,12.4783704354843,12.8753490121481,13.2120741552346,13.4423881215839,13.5634167307342,13.5323977245266,13.3286939481894,12.9407969147286,12.3785347975468,11.6500520310812,10.7871564779146,9.83536701959647,8.83938775347541,7.86618164690988,6.91896748568835,6.04650276760635,5.27149165978172,4.60396228426256,4.03978321526825,3.58123643976001,3.21746815807901,2.92618694702641,2.69060595934854,2.49335512241757,2.32393483754904,2.17002434327311,2.02468594239641,1.88684015955306,1.75717944679255,1.63770164712281,1.54630647296579,1.48440457918551,1.45952268134698,1.47925078683055
"1-1-1",NA,NA,NA,NA,9.69530301427377,10.3796712849138,11.1849602292205,12.1021538029859,13.1171627157404,14.2047997404557,15.3169308314576,16.3860601803362,17.3520604186145,18.1342619680045,18.6600453165708,18.8521560388039,18.6764892516139,18.1410506772722,17.2461653128454,16.0318300111078,14.5659947419479,12.9673518151277,11.2410818973667,9.53004681952185,7.91218204401946,6.45604155415551,5.19738926072776,4.14962347401092,3.31087999362799,2.65564003041513,2.15187283538231,1.75249058657967,1.46372711136463,1.24950402353506,1.10005607904452,1.01819109542351,1.01618479201881,1.09664910410348,1.2690782154838,1.53687544603657,1.89709119420801,2.33818106978913,2.84704781637029,3.40415416598172,3.98772781013067,4.57845951425175,5.1537095831692,5.71464486286767,6.25063183707769,6.76045693804577,7.24389212636997,7.69780344324425,8.11935401797527,8.49883083847959,8.83133502323771,9.1128994116852,9.35564185745828,9.56508858689249,9.75772983601357,9.96388904554971,10.2057257097531,10.496087281316,10.8243483333422,11.1859868658179,11.5400264821489,11.8458035223869,12.0506677120935,12.1323906569124,12.0726461600508,11.8583615917766,11.4969537853285,11.0068219517111,10.4208324284278,9.74506770846221,9.0213325383974,8.27424740970259,7.53019956258732,6.81057486612651,6.12079939655067,5.48305417969803,4.90743893811695,4.40247163617428,3.96429062935153,3.60448581922008,3.31054331702431,3.07510799335237,2.88817179343495,2.73456546596153,2.6159054875827,2.51709785797783,2.43208853611189,2.3580489082282,2.29917066167188,2.25494168840997,2.23385289387573,2.24568264392283,2.29987674977815,2.40962076120482,2.57260968249199,2.79609656220602,3.07909958116337,3.41693811348437,3.797198161991,4.21491205904346,4.65618846965724,5.10633659087172,5.55426051260955,5.98983480345322,6.41237973589186,6.81825921232136,7.21050459707818,7.5931758763939,7.97786594107732,8.35978457250841,8.74293164265931,9.12987466217802,9.51974037939141,9.90973368988064,10.2935850128454,10.6702294895092,11.0261019884954,11.3460694012731,11.5959604319006,11.7569666224335,11.8042978503403,11.7007843275399,11.4248435448391,10.9660843122342,10.3492673336904,9.57918476395648,8.71398397010044,7.80412680852993,6.90603523392767,6.05640173709513,5.2691860138356,4.56611508511721,3.94579647778574,3.40489964101757,2.9333535013103,2.53882919803378,2.21900636779241,1.98281688765856,1.8399739419947,1.78514489431302,1.82933487413555,1.94993167426078,2.1249524922544,2.32510565622581,2.51416522191303,2.68466057465493,2.80724290686277,2.87219378427983,2.87940753190144,2.84993421828096,2.78678662344241,2.72160936300701,2.68473639005328,2.70135075188657,2.79890439684425,2.97039287469664,3.22483335052555,3.55139340753935,3.9340591842564,4.34368401274189,4.77589091294515,5.20926665199235,5.62596252823136,6.01568166409525,6.36685920417499,6.68188997853484,6.9540372366113,7.18579579399965,7.38154347074108,7.55445933702076,7.71172808673545,7.86448748028711,8.03275451400322,8.22916869234482,8.46596011390225,8.73865375419771,9.04842890294503,9.38415261343167,9.73446081234807,10.0901942692883,10.4419757338727,10.7896055820093,11.1293361848375,11.461218710842,11.7792011204318,12.0719754693515,12.3339623765937,12.5383252360243,12.6611798985406,12.6722109137754,12.5585067834987,12.3079926165127,11.9179903583101,11.3964135270845,10.7611177223613,10.0491307352289,9.26276131867869,8.45079423156454,7.64339638028201,6.86972530259665,6.15091289551118,5.49474193020516,4.91093601964872,4.39709216518959,3.94578225203167,3.53998656218659,3.18211371017394,2.85450998457201,2.54983831801059,2.26767683772867,2.02039093405578,1.80881321875094,1.65081046381963,1.56180401312143,1.55357722798214,1.63137412161846,1.78891825338781,2.0164326143197,2.29087180594235,2.58711596325065,2.87749505706979,3.14319852922722,3.36276438328391,3.52277185079364,3.61779213609081,3.64932195087351,3.62049843765949,3.54218455831072,3.4298282765172,3.29906297070276,3.16125415454298,3.03543785415094,2.95985885370831,2.93877652596743,2.98966153794647,3.12990596462225
"1-2-1",NA,NA,NA,NA,4.68855025119298,4.16693694119829,3.68277828073998,3.25479893080903,2.89356883696796,2.61447250197068,2.43398661665529,2.36540699496905,2.41352281133182,2.58330722294359,2.87265790474113,3.27297837300917,3.76536142073503,4.32936648704801,4.93828685923353,5.56421764327952,6.17763841177949,6.7557641575563,7.29118710648566,7.77028838688021,8.19151719115081,8.55742041227546,8.8781732679524,9.14653216264189,9.37379512761586,9.56367014970382,9.71867412279465,9.84084865209614,9.93056817257322,9.99011121991091,10.0181254622403,10.009143553664,9.94274058987127,9.82271545406804,9.62666630423788,9.34099871654803,8.95854476709519,8.48967597960189,7.94178372565113,7.34154617364365,6.72877512201441,6.14146622579108,5.62695635389648,5.19056213599907,4.85757148530171,4.62924455415296,4.49577504129553,4.42987432507862,4.41917417377031,4.44277171363138,4.47268750494091,4.49475274432355,4.50232905447901,4.50261502458623,4.49995836697081,4.5136014044181,4.56249952344711,4.67304908812405,4.8502040386049,5.1010262543099,5.43084356646819,5.83460107297521,6.30227457662874,6.81695282007222,7.3748282056202,7.95166272216754,8.52990391831807,9.08330183299617,9.59163500868025,10.0433028211265,10.4102657373898,10.6765839136943,10.8309508616648,10.8841356639681,10.8276265340985,10.69125739213,10.4999833581566,10.2858936404839,10.0824056475983,9.89295941837406,9.74617272219652,9.6492648809731,9.60167175777443,9.58405727577389,9.59854812993095,9.61580155929935,9.61206124031563,9.56372787821786,9.44252222718073,9.25224990288245,8.9748803120278,8.61018549606833,8.1647180920597,7.66223788923685,7.10584847413447,6.52398751364089,5.9448308601102,5.391858353987,4.89601692800284,4.4550757677974,4.08687897446927,3.79144390290505,3.56258830633249,3.3749951549478,3.22567220307004,3.09209659290453,2.94627034192434,2.76880265139428,2.54010647139818,2.26459434199435,1.93583840029524,1.56925183817591,1.18601153426266,0.828540497001784,0.517697395425729,0.282207150690173,0.162271145294992,0.179277902960402,0.343875182221244,0.639784596262555,1.06264104675405,1.57049622844761,2.12659392856389,2.6875683541267,3.23194976196647,3.74878766365842,4.22324935041236,4.65845806071912,5.06128854230445,5.44555664279515,5.80712337082845,6.15821475850073,6.50109958957263,6.83990974437112,7.18506656324398,7.53347479149698,7.90462348087054,8.31129559899046,8.76858411914819,9.2826889390787,9.85461277686977,10.4808064452824,11.1519892036503,11.8556247761564,12.5688153208785,13.2936227917988,14.006486810038,14.6895576121617,15.3208988625939,15.8615360637279,16.308917071641,16.6239296852398,16.7866797762916,16.7889691797705,16.6510195440962,16.3877919957367,16.0462283983397,15.6870982064877,15.3619947418263,15.1221299197649,14.9663516545674,14.9090087384373,14.9338236447492,15.019232918227,15.1536026521734,15.3282208383425,15.5537553688378,15.8483836764912,16.2370953067352,16.7541748994277,17.3834403211654,18.1302981823087,18.9622964222275,19.8415744024014,20.708188939793,21.5294929093064,22.274829565902,22.8917807064553,23.3419152610168,23.5554102489381,23.5098696839419,23.1558844137792,22.4457376804575,21.3569902349938,19.9032348357625,18.1621932663726,16.1537726713294,14.0393412640996,11.9446365843933,10.0041913404563,8.28678569511352,6.83013524884506,5.64954207769719,4.71309746030249,3.97043093687182,3.34930680275486,2.86042753337401,2.44212739358537,2.08738079430684,1.7999137475723,1.58376035984684,1.4491171428552,1.3894291264214,1.39630196733943,1.45570303344436,1.55054457086589,1.67038155214495,1.80255384153985,1.93975492006467,2.07528861368743,2.20190185580495,2.31805977131492,2.41626110004238,2.49454920093118,2.55409653897831,2.61282477263965,2.66882977083001,2.7453709362621,2.86329521924868,3.03667541305182,3.26826542491637,3.55677174512104,3.88662698190269,4.22617547504496,4.54212810510787,4.80078229457775,4.97643874011676,5.0504689915246,5.01986062655949,4.89577357314811,4.69385014172854,4.44366192126529,4.21492628842864,4.03173492714109,3.93622838160154,3.97103806328723
"1-3-1",NA,NA,NA,NA,1.63130778365669,1.8017022542774,2.00451158112937,2.23350966464648,2.48331380061038,2.74710947269024,3.01671127574657,3.28332336999009,3.53976556365391,3.77794855280216,3.99142612916647,4.17448313337542,4.32522104212621,4.44505958285658,4.53481513783645,4.59736892764669,4.63535561593528,4.65239893717968,4.64704997388952,4.62164837491972,4.57566915955996,4.50866786060891,4.42304009355717,4.31938036608749,4.20327568556136,4.08069573642255,3.95852640822724,3.8452879426513,3.74233986093483,3.65616291549346,3.58946093451913,3.54388877945619,3.51956992946806,3.5168610997109,3.53486258238789,3.57116103150218,3.62320506646471,3.68355217396369,3.7535811670289,3.82629962899885,3.89698154335286,3.96285492233662,4.02305261827782,4.08112106022744,4.13992353758623,4.20804693271437,4.29363351820296,4.40856424699928,4.55533212237129,4.74055505406772,4.96928190745473,5.24377832028139,5.57036819186888,5.94428901485904,6.36901990016007,6.84388810974791,7.36816960307601,7.94049139242773,8.5516281435798,9.1996485096402,9.86790824748248,10.5406958750497,11.1894954517618,11.7960245145946,12.3445978620756,12.8045443929456,13.1561187670231,13.3804268816417,13.4834543128829,13.4557809175413,13.3197590279983,13.0988811286377,12.8304000973849,12.5587891141319,12.2923822099953,12.0849486673878,11.963868400558,11.95214089118,12.0452364722526,12.2498741929041,12.540489226746,12.8903924172176,13.2680513894603,13.6301684709587,13.9764540528267,14.2684341346984,14.4883042671999,14.6220660249125,14.6544484412385,14.5860590846982,14.4052721715257,14.1087480873909,13.6940366890813,13.1620857865766,12.5200496861502,11.7774229661147,10.9532759573349,10.0652773402916,9.1390959354966,8.18368853446615,7.22095710725363,6.27108980007097,5.35117035483529,4.48905388902133,3.68864435153087,2.97334943455754,2.35870894934656,1.85669296408256,1.47501660723648,1.20880942529891,1.05843590407641,1.00417667375365,1.02860088964214,1.10559932176586,1.22493757699511,1.37235911134139,1.53200887940542,1.69781855141252,1.86861358883861,2.05014215013808,2.24126870871797,2.4547165299913,2.69927948971123,2.98661801244559,3.32151620463332,3.70552973193441,4.14312593220056,4.63174326629668,5.16363605824471,5.72619448948522,6.31616283676942,6.9137757946967,7.50573438557213,8.07914885076404,8.62829857559428,9.14773555620919,9.63837340192539,10.1050980136295,10.5575281169589,11.0097261584196,11.4601476115391,11.923512183181,12.4041964075294,12.9021221167057,13.4055738055309,13.9120836995365,14.4018668356483,14.8557141460787,15.2544583635548,15.5765140162832,15.8212379048309,15.9763981082675,16.042090689772,16.0230531461023,15.9334226093282,15.7753465233186,15.5640042344985,15.3130311872684,15.0319585523159,14.7298667658508,14.4055513248844,14.0625436610697,13.6976565906853,13.3062656475985,12.8762884815485,12.4097641101904,11.8999444815008,11.3410742320565,10.7314372867934,10.0681093725057,9.35981763328165,8.60781797469353,7.82340933392429,7.01863685778573,6.21698218381413,5.43125139687506,4.67753492472269,3.9836661874924,3.37023354562305,2.86277552054122,2.46397113351624,2.18762309906466,2.03062161742582,1.98402959464428,2.02481547617809,2.12410431948201,2.27161295071775,2.42023069459009,2.54035161894326,2.6040672013581,2.60578431604821,2.5357336581232,2.40522904581559,2.23193863988624,2.0416766200399,1.86620752038046,1.70634543135368,1.59329830937094,1.53582234485023,1.53534204528212,1.57819561755641,1.6627186528746,1.7654925774236,1.86794304757763,1.95330190358242,2.00851644466991,2.03737838091585,2.0374494531139,2.01650018349766,1.98377931029902,1.94895221505349,1.91447374874022,1.88459894493861,1.86039056217064,1.84133889331396,1.8342042316291,1.83785984429218,1.86397306673911,1.92647885501308,2.03968421762282,2.2161340671553,2.46735518420253,2.8013473402132,3.21766259104543,3.71206893474619,4.27449499641811,4.89488233463927,5.55570186911788,6.23627132857036,6.9162704058719,7.57908583952751,8.20118410321825,8.74528513143793,9.20066046012283,9.54681550411307,9.76443149842078
"1-4-4",NA,NA,NA,NA,2.19852948085919,2.00838427369619,1.82827829879054,1.66378501425813,1.51814159903431,1.39761067486675,1.31064585594072,1.26592710029017,1.26888764662092,1.32570922758516,1.43888672723439,1.60673580642945,1.82084433989416,2.07108844339531,2.34268734660484,2.61973943377039,2.88583671932409,3.12992670118425,3.34787835354767,3.53618797173944,3.69820427769901,3.84042115992986,3.9727750487377,4.0938841891852,4.21208747675603,4.32872041796816,4.44210366434642,4.54578452185509,4.63858531917213,4.71269199877694,4.76157100865328,4.77915583156939,4.75724522210373,4.69915052532119,4.60076118628977,4.46428944861197,4.29408442543032,4.10060642860072,3.88822685090639,3.66915630777874,3.45706246741321,3.26330855556232,3.10487249994613,2.98029873148198,2.89997100513555,2.86731121683585,2.88385492219501,2.95162344901716,3.06582742501617,3.22781563844684,3.42976143137882,3.66433603455236,3.91355922523131,4.1691854703529,4.41674411369204,4.63321369770329,4.80188080606935,4.90549830502139,4.94582713161545,4.91612416767821,4.828126135448,4.69609664286488,4.54148864886336,4.38448116734243,4.23487496833357,4.1170846890038,4.04275456891316,4.01980038379147,4.04678786451867,4.12491057782524,4.24679663211243,4.40721403013482,4.60505306709597,4.84211538149268,5.12343427903057,5.45737285988064,5.85371739794235,6.32224626958941,6.86046004197472,7.46701288494963,8.1274008547957,8.82413850661795,9.53756551336958,10.2435451233402,10.9367281414251,11.5975680470536,12.2151065643467,12.7780033375357,13.2653574787232,13.6767186889603,13.9885355742111,14.1836748898153,14.2464406199732,14.1633306655785,13.9384510060999,13.5732350568218,13.0864836596599,12.4998663667034,11.8513919146513,11.1510707616729,10.4324093255486,9.72303503474534,9.04177842833931,8.40677918795828,7.81622591495392,7.27839284207913,6.78795007449987,6.339960817752,5.92800899085561,5.54948377478186,5.20460403970051,4.88848273017355,4.60123574070302,4.3405053436445,4.10522004865735,3.89219694192426,3.69396480871179,3.50396431925328,3.31459313302793,3.12497983485044,2.93130383133344,2.73628919688242,2.54417839066971,2.36170707847406,2.19613730989785,2.05043315933252,1.93251548197752,1.84585640596104,1.79277190601435,1.77243985966553,1.78396152664222,1.82502480551934,1.89388528172197,1.9900979732883,2.11444959229811,2.2697116352919,2.4579632210276,2.68123750816159,2.93952650873927,3.2276544513906,3.54238750812987,3.87326399965981,4.211559783922,4.55094368454113,4.89144335188799,5.23297267204028,5.58300302651044,5.94956212298531,6.33821179343982,6.74536898390083,7.16882316528142,7.59423449368187,8.00405693033839,8.38181275916779,8.714639828477,9.00242909330118,9.2462446212251,9.45875323277204,9.65477017341096,9.85060853023556,10.0510053156991,10.2626919660682,10.4838002548249,10.7072233792194,10.9198816561786,11.1187380000957,11.2959139380006,11.4494553734007,11.583079982718,11.714461858021,11.8483816064261,12.0006392866766,12.1909888916727,12.434042349527,12.741227895644,13.1082873744668,13.5375722693813,14.0096024052615,14.5014539170803,14.9725832955852,15.3991242540814,15.7575082079247,16.0123240861722,16.1482150012884,16.1684282335547,16.0977733129893,15.9423497351482,15.7601520737716,15.5960933292649,15.4999116329385,15.4883898650798,15.5716691347395,15.7442483287723,15.9799747353101,16.2351824941887,16.4483068322713,16.6175975823352,16.6743714144973,16.5855440895104,16.3206192359765,15.8697185277318,15.2292338078555,14.4072476275187,13.425020431347,12.3145578297297,11.1400123274025,9.90463552821205,8.68231366718539,7.52411028604648,6.472166842848,5.56139252778199,4.79149775040757,4.171267415333,3.6828147333287,3.30423957870039,2.99709431804424,2.76078130404898,2.56714158833462,2.39769059979589,2.24425162952976,2.10253178726384,1.96991942045346,1.84308654199233,1.72304929692249,1.6103295302151,1.50794441371285,1.41790801502375,1.3486352600866,1.31303278696256,1.32544257640684,1.39983478397869,1.55547158242747,1.82720851199726,2.22877665818365,2.78259852860373,3.51176476102923
"1-5-2",NA,NA,NA,NA,2.57490902578477,2.3808801645447,2.17483885169603,1.97749126902471,1.80206867424942,1.66089511780737,1.56162162684801,1.50564720788348,1.48872247902787,1.50535619373077,1.54894910334367,1.61512728494511,1.70157218539967,1.80708874295055,1.93485056185952,2.08768997468869,2.2659440857197,2.46177159358592,2.67625027516072,2.89176182066137,3.09312289032548,3.2631900776923,3.38978124888149,3.46862230438684,3.49695752314961,3.48114196438128,3.43281399087951,3.37458037950474,3.30884161543434,3.25882372881034,3.23901909051209,3.25926700433065,3.32456488385217,3.43249425313934,3.5800584980872,3.75742242205858,3.954640802161,4.1573417395267,4.36611008990285,4.57255195672024,4.77370894509473,4.97038363866203,5.16490444994699,5.36079276399643,5.56029601410379,5.7676537746346,5.98528117731837,6.2148514812969,6.45812591356092,6.71567767362624,6.98979902195079,7.28230598987248,7.60297191778639,7.94957592812871,8.32815728169741,8.74699258262063,9.21351152350808,9.74157946466058,10.3266127180683,10.976615977998,11.684238022903,12.4363674117231,13.1992945720548,13.9387666165213,14.6324684144785,15.2191608721858,15.65584217509,15.8997939076435,15.9479616223484,15.7859719494865,15.437788889411,14.9354045418117,14.3249446085646,13.6612322075114,12.9511958736303,12.2536872700776,11.5936250088563,10.9897502277391,10.4420298636653,9.95852855783604,9.5272317913777,9.13638736445128,8.77191129093174,8.4127955598671,8.06439023596215,7.70749971142956,7.33710877859845,6.95355565065021,6.56552144889942,6.17463348471942,5.79376496804031,5.43418628216688,5.1040490518993,4.80506503016845,4.53750643525151,4.29503512704829,4.06691621870587,3.84163409556604,3.60492069526467,3.35802190383272,3.09507592127959,2.82076260447514,2.54415720381912,2.28345720582938,2.0459833793083,1.84700762733315,1.70115370519383,1.61656622285683,1.59566780520006,1.63527708217467,1.73130879019445,1.87171143438994,2.04616834470622,2.24659465287173,2.47148016094586,2.72057346485331,2.99975803444114,3.31811217328414,3.68990097221417,4.11780798143593,4.60651371938944,5.15674427233724,5.76290678142318,6.41412062780254,7.0939440752546,7.7944693253735,8.49309791338635,9.17363371884344,9.81707116306389,10.4125534636137,10.9543973513157,11.4319982863392,11.840368021808,12.1735147280059,12.433868432242,12.6128947744209,12.7168424118095,12.7502991605513,12.7236950547176,12.6604280439285,12.5632368649913,12.4645976204944,12.3859124255361,12.3444105103447,12.3445074781474,12.3889773037634,12.4666725363284,12.5607379630246,12.6542308753326,12.7329691441305,12.7975411056948,12.8470680949527,12.8920590712335,12.9473847105343,13.0367602493212,13.1585704950913,13.3268698762034,13.5429895334783,13.8030976570329,14.105792865319,14.4341743429474,14.7835610793766,15.1419635176349,15.5000476237837,15.8392538368448,16.1554946765141,16.4337947251758,16.6489329416984,16.7754189990957,16.7576638416394,16.5902412878699,16.2305888469417,15.6483630652496,14.8286612241776,13.7812753610868,12.5434699754537,11.1391729157942,9.65987459540118,8.1840188589353,6.81244784995855,5.58668074393359,4.55216676980886,3.74575435697575,3.16958317164095,2.80427519840512,2.6023009287409,2.56054531262403,2.60481090735085,2.69145708733698,2.77526042154132,2.83085876601704,2.85250430703552,2.8233755148658,2.74755224675698,2.63463948299528,2.50821845276554,2.35857655580785,2.21382147196581,2.08357035021317,1.97651489470932,1.9009861036903,1.85494363060011,1.84549691262094,1.87408328389679,1.94045797915491,2.03908597286727,2.17352654343233,2.33520564232113,2.51755899837242,2.71437128780408,2.92064797650354,3.13401367259993,3.35263798519212,3.57956047348793,3.8208381617288,4.09456490569022,4.39915044223055,4.75172151042566,5.16189607846435,5.63366744836381,6.16144449901642,6.7391958130121,7.34975776961631,7.9659144630175,8.56151937392854,9.11141338775175,9.59676686738052,10.0044196424899,10.3326123621075,10.5893882716097,10.7849292595391,10.9403173331393,11.1071280988006,11.3001800663899,11.549251350391,11.8851690248139
"2-8-2",NA,NA,NA,NA,1.30551806985865,1.36627294922551,1.42340672902549,1.47588403398432,1.52322998029203,1.56485516273982,1.60067908475158,1.63130258293829,1.65757490176217,1.68105290771121,1.70363895756233,1.72796640944147,1.75624317682059,1.78971881298381,1.83014166288393,1.87795893014946,1.93206706477974,1.98872814467359,2.047778298292,2.10321220071768,2.15106358926712,2.1880809087976,2.21403521183578,2.22854560265753,2.23484595806885,2.23738937114944,2.24142155703315,2.25310634328502,2.27234842077431,2.30291253153584,2.34473964803216,2.39621777799731,2.45254051150286,2.51311627400128,2.5727622951142,2.62698550418591,2.67218051916723,2.70459543286921,2.72389240247462,2.72811677504034,2.71788737969634,2.69498607221769,2.66204713730897,2.62253457386884,2.57962038626294,2.53664642858978,2.49452201482201,2.4475754610346,2.39677129763933,2.33558570240322,2.25835043169833,2.1623792090996,2.05352592016609,1.93900064460001,1.82851575870348,1.74506664034899,1.70923556916523,1.74927575841065,1.86866333137023,2.07902586723029,2.38111135043389,2.76767330452324,3.223348972097,3.72558750558458,4.2674589507311,4.81513986482004,5.34524740038004,5.82769259337473,6.24336215403354,6.57980599445817,6.81583949198522,6.94210385940377,6.95368497424645,6.86536432184587,6.67087047761748,6.39939642769407,6.0716008830658,5.71042629354943,5.3400349774128,4.96319235252108,4.5996777956557,4.25548949696453,3.93415488946815,3.63543345279917,3.36214063077348,3.11346984348196,2.89053881619616,2.69614007452138,2.53248287374758,2.40408763772954,2.31196506945255,2.25562043821346,2.23304796333533,2.2366704973306,2.26502976343783,2.30851698145736,2.35979228895238,2.4142964135198,2.47299589350159,2.53829202980187,2.61696102496368,2.72004311265695,2.85706796371437,3.03653752436423,3.25711245645074,3.51854867562317,3.81364678489168,4.13370145031662,4.46931649433901,4.81737785724399,5.1748776014399,5.54221233023762,5.92245556083226,6.32021752583466,6.73510579027367,7.16714847834108,7.6131967449526,8.06841070842574,8.52685360964656,8.98422004546758,9.4375825467496,9.8836684658406,10.3201899622909,10.7434698726763,11.1489807607339,11.5325064447331,11.8865097310715,12.2052979298997,12.4870858984579,12.7333194981862,12.9430663304233,13.1259597900621,13.2890658195707,13.4383098657382,13.5698401167032,13.6845090912182,13.7689135741785,13.8080298291589,13.7813653414666,13.6674136371832,13.4641846536689,13.1544904697536,12.7337350916251,12.2010157344395,11.5670913015872,10.8353324973112,10.0248557773667,9.15598747543264,8.25117833765025,7.3460049534481,6.44489629282787,5.58234884786871,4.78123243557369,4.05924478033335,3.43277792811313,2.90023423975686,2.46672181548,2.12332358968365,1.86083767154794,1.66578691867261,1.53300718435817,1.45258894376153,1.41416619200791,1.41261600970389,1.44297786897275,1.50315731750785,1.58859305070535,1.69403198487317,1.81344029322443,1.93346611927725,2.05140979538376,2.15543015354516,2.23517688274274,2.28195759599572,2.28858240160915,2.25726170272454,2.18463234988648,2.08188189095261,1.9610841691005,1.84473081380262,1.74644619953976,1.67918035035562,1.6643630541667,1.71181782850639,1.82277273540183,1.98347826016715,2.19101550424128,2.41428325299586,2.62828123728018,2.80519737173846,2.93192177158779,3.00350865189424,3.01706397197889,2.98150435629969,2.91239190000261,2.8323347723933,2.7387955688088,2.65626778195994,2.59526923524811,2.56699882484185,2.57921381941296,2.63417508979846,2.73748155417032,2.88747288096124,3.07501450246648,3.2697650118516,3.4743992397085,3.64789445179614,3.75982524886038,3.78442837332141,3.70610332351351,3.52852251309499,3.25927746242694,2.92753814658339,2.56763047490317,2.23994622594828,1.9473369044219,1.73718897968174,1.63581029440053,1.65623188247208,1.79696831812243,2.05874694003266,2.42893009536277,2.88091751144555,3.39078662130148,3.93258502666417,4.4878086000913,5.03530228267147,5.56000401802066,6.05423939241566,6.51327595075209,6.93441974347387,7.33018933223231,7.69981047257672,8.04818746805957,8.38148988108597
"2-9-1",NA,NA,NA,NA,31.0731308434528,27.9205205300387,24.3989633809225,20.7741584791406,17.2224217121451,13.9353903525895,11.0704023866272,8.72060789782615,6.90364439802749,5.61842763794296,4.82211170315385,4.44548674343335,4.4015870062433,4.61726646390187,5.01412196146185,5.52849147688652,6.10872346668878,6.7281542220833,7.38767164522357,8.08120264795193,8.82525450742962,9.64258219014361,10.5645626890128,11.5726159331385,12.6898848774267,13.9104308953859,15.2169813265497,16.5710627756317,17.9626750687905,19.3458800677497,20.6829414552276,21.9393361560835,23.0738313686383,24.0895737458263,24.9623910992648,25.6926107631494,26.2870300639655,26.775491035035,27.1571044793042,27.4632831535673,27.7280490315646,27.9788800092624,28.271463835688,28.586557570555,28.9600312060286,29.3984285467321,29.89791514691,30.4195286807302,30.9438981648033,31.4332084659421,31.8035146730369,31.9791415343226,31.8305899211631,31.3371958497418,30.4163475937055,29.0187186704752,27.1380812090099,24.8318190854496,22.1997944853737,19.3073134301605,16.3630196130272,13.5260681563193,10.9677533623643,8.74547213357865,6.9187803822175,5.49309216369563,4.4239161157223,3.63648169760324,3.04195284948698,2.63661162597919,2.32754832865775,2.09134193650272,1.92194822724256,1.82792887411754,1.81754080471607,1.90247194410314,2.09134038352575,2.38442729250651,2.77081784412518,3.2354637946035,3.75546447640449,4.30105926081912,4.83726609560381,5.32912185847989,5.76874475686748,6.13113052139164,6.4133619940712,6.6246153823831,6.80372486741388,6.95354566903485,7.12520632286277,7.35944222471819,7.68700132606052,8.12949519706983,8.67675321429857,9.32255352736699,10.0370014445293,10.78859081149,11.5389242583541,12.2836966399345,13.004972912488,13.6983446259217,14.3677915760338,15.0155916763478,15.6430738197387,16.2442300527848,16.8095625319366,17.3271435623546,17.7875509655485,18.1886109229193,18.5293108631774,18.8220172801064,19.0792290207654,19.3144934610479,19.5324015295176,19.7377522414293,19.9267122574711,20.0909827428162,20.2143009561619,20.2921649337793,20.3181001941167,20.2867554584161,20.19946662554,20.0632370217111,19.8910035440803,19.6869273445638,19.4727070553205,19.26668724498,19.09333165244,18.9725124902543,18.9176209237827,18.9492835745102,19.0754964272709,19.2945001246216,19.5846773327232,19.9438400608682,20.333077141998,20.7273605593218,21.1098067921663,21.4840128286923,21.8519817219574,22.2408996761236,22.679695805351,23.1934352885057,23.7868621375657,24.457787804204,25.1807568368792,25.9172125101638,26.6256101996166,27.2676253699351,27.8369225148912,28.3222699413139,28.7379763682313,29.1074106404518,29.4649996743253,29.8172421063908,30.1854170673572,30.5740437628853,30.9764666159818,31.3738555287345,31.7553322078673,32.1021485785202,32.398889990177,32.6381119213503,32.8182759748503,32.9511070959359,33.0467993026895,33.1222668201808,33.190950385884,33.2644227715314,33.3368394508143,33.4040415718928,33.4574353169476,33.4899656082391,33.5067427716896,33.5166894508165,33.5388108715701,33.5993797773437,33.7173947409587,33.8829848011209,34.0805360929518,34.2895400855832,34.4435225546458,34.4886740416064,34.3860997281178,34.1464346479539,33.7616376000963,33.3082799740333,32.8708438404047,32.5678933858012,32.4799540069742,32.6501344920412,33.1389251343098,33.9436308423445,35.0136927607432,36.2203741763211,37.554383365848,38.8295151708091,39.9262789679086,40.734936157868,41.2075790513822,41.3335285892975,41.1390722194014,40.6984036400115,40.1091384247817,39.5105454997568,38.9060228038415,38.4116277383713,38.0724901559903,37.9048127299032,37.8936703390118,38.0236626535302,38.2592448563555,38.5545040489038,38.8734490928838,39.1776845416798,39.4711524366799,39.737211611554,39.9740144499491,40.1880374694616,40.3864151635967,40.5678593171533,40.7291052959262,40.8613627690915,40.9492070827952,40.9749886381235,40.9222673096909,40.7766293178931,40.5288459445113,40.1749980097595,39.7143983103489,39.1505508907266,38.4968810502162,37.7584847456749,36.9431568672763,36.0578243807981
"2-10-1",NA,NA,NA,NA,1.66376137288137,1.71542182028215,1.77497200783023,1.83925906356942,1.90600055667455,1.97212436343469,2.03406240839081,2.08834496003288,2.13265405991527,2.16438315705104,2.18196815765868,2.1846124079738,2.17349487507723,2.15072957085033,2.11896499180407,2.0815426956163,2.04218461393481,2.00432160009655,1.96811933944711,1.93603685699684,1.90836935587928,1.88512449161571,1.86569114012573,1.85054412110721,1.8392161755621,1.83165540906586,1.82773021006474,1.82623979516637,1.82745649620944,1.82939165452245,1.83032088576715,1.82870762875606,1.82335731813229,1.81415266173935,1.80104402929537,1.78505245856346,1.76741368378591,1.74992406063522,1.73281742311832,1.71716960018648,1.70330262275878,1.69100037713309,1.67927953752208,1.66794067558067,1.6560933114241,1.64291632753415,1.62793098165639,1.61078906663679,1.59198780598293,1.57169912067124,1.55080360237642,1.53027160948725,1.51189404014815,1.49611104189741,1.48394955756933,1.47669700741887,1.47509964233346,1.47991028525197,1.49068790606587,1.50779772681601,1.53015173826342,1.5565728133241,1.5844732480551,1.61214639597528,1.63833927210236,1.65979193728484,1.67452807031935,1.6808560332258,1.67957515984627,1.66985732456541,1.65446068108739,1.63627318104958,1.61979099832946,1.6097540735674,1.60735184577749,1.61792653774362,1.64380800594662,1.68634016934696,1.74308089839951,1.81431622495387,1.89477287926525,1.97995859478817,2.06505966821743,2.14489391918857,2.21940480833103,2.28497505499434,2.34071018360632,2.38614292602181,2.42093862415512,2.44483404136115,2.45729201719219,2.45811964295699,2.44726911282117,2.42629519807339,2.3956777609923,2.35837429749299,2.31782383902718,2.27692936259128,2.23819746313628,2.20200628507466,2.1689556071063,2.13796794125926,2.10778830581587,2.07750483874605,2.04715728886123,2.01735545135472,1.98971388979157,1.96635227587328,1.95038527799102,1.94194679442339,1.94250121078548,1.95193774365918,1.96949230846012,1.9938330616754,2.02333303841008,2.05715803585916,2.0931026322692,2.12949722172643,2.16346199747627,2.19340535494398,2.21744359162197,2.23239673404118,2.23617310499647,2.22681422987861,2.20517747682085,2.17056076888199,2.12560458070671,2.07276984119555,2.01525886086313,1.95610909321839,1.89592133024522,1.83788158761943,1.78343661636236,1.73432645237062,1.69162184866527,1.65639724709628,1.62989851230864,1.61290574016256,1.60558806882714,1.60587551361458,1.61434551422447,1.62706256505722,1.64105141562414,1.65342451361082,1.66207812797882,1.66639830990656,1.66602230481309,1.6620755562545,1.65622060662593,1.65053688678051,1.64552253121022,1.64240264221139,1.64108499334483,1.6405147493845,1.63785158946111,1.63253252530707,1.62166271892317,1.6034986002886,1.57733193129262,1.54456009451144,1.50645972154404,1.46610044075169,1.42765500749754,1.3945580832735,1.36917362756914,1.35160481343087,1.34153824950032,1.33633696394856,1.33303139588361,1.3287387232454,1.32285566666886,1.31488222709895,1.30642750511169,1.30031691075438,1.30104056751505,1.31048675203794,1.33119699463222,1.36477495605975,1.4109326088652,1.46747829900255,1.53119106520011,1.59985477925746,1.66828578579795,1.73299954975829,1.7912720097734,1.84301882617113,1.88817593753862,1.92872767770993,1.96701145223856,2.00516634388784,2.04397453745198,2.08289649551361,2.12084568761971,2.15555140157473,2.18445335387588,2.2062699588188,2.22064097858191,2.22811393787751,2.23027656817278,2.22906170109874,2.22638342142666,2.22258828064652,2.21851864553776,2.21401803596627,2.20896933535747,2.20425001202472,2.19938546758654,2.19633659232518,2.19692715288288,2.20300821166748,2.21563652421275,2.23506533517923,2.26062702861806,2.29000944146404,2.32034399689754,2.34623113142517,2.36735431648609,2.37928945704673,2.37971631810762,2.36762166222601,2.34375221581684,2.30872880166538,2.26496431812326,2.21646269475389,2.16686444068171,2.11969463580777,2.07741603528833,2.04194048365656,2.01364320815856,1.99153086635999,1.97431084555249,1.95941126983029,1.94001194905196,1.91432363502161,1.87853701943539,1.82871510976184
"2-10-2",NA,NA,NA,NA,1.65419956391532,1.65230209329322,1.64929504157772,1.64543622094274,1.64104041140789,1.6360170302336,1.63012788144673,1.62319598829782,1.61509595012217,1.60608721675021,1.59692969166484,1.58953854286694,1.58623229435714,1.588662481697,1.59982627040689,1.62176040357415,1.6555762268092,1.69910729057763,1.7524155232392,1.81038486887184,1.86865890827654,1.92289332932488,1.96990077138515,2.00923104061474,2.04028491569826,2.0645301629325,2.08381784168941,2.09965099536,2.1122675773892,2.12154507611817,2.12610959861425,2.12399762962154,2.11302998006109,2.09299883767172,2.06330532412345,2.02515233294333,1.98045736725002,1.93310017056536,1.8839143163974,1.83637880314413,1.79298437700186,1.75534434302405,1.72428105048226,1.6994525981119,1.68060527500688,1.66603114881902,1.65406427917608,1.64204525290513,1.62988325701989,1.61623613594245,1.60038472975396,1.58262700735052,1.56479486219918,1.54791625920889,1.53344380868035,1.52441712899156,1.5231110706285,1.53254392654982,1.55268911206817,1.58478432843904,1.62831425094462,1.68178974517662,1.74163829900638,1.8042833446689,1.86787341042352,1.92618293219443,1.97507674067813,2.01027473320959,2.03096276836195,2.03538025389753,2.02482201906458,2.0016793144603,1.97021790271907,1.9361131432558,1.90003956863774,1.8689972912246,1.84632382617831,1.8344111701424,1.83221714372819,1.84027615586806,1.85473631743976,1.87179446439162,1.88710006376508,1.8958097539536,1.89835578700744,1.89140513722452,1.87459249277288,1.84833251108542,1.81428571287704,1.77267093754608,1.72540779986898,1.67439017991982,1.62149740079934,1.570519024255,1.52151033071055,1.47832905052403,1.44366372273842,1.41934903403067,1.40594656370703,1.40296387910531,1.40913221429276,1.42126592258124,1.43648577633111,1.45115867923275,1.46532949682624,1.47754712874178,1.48801592910383,1.49778443825805,1.50892548186022,1.52193570161091,1.53767525563339,1.55739250676528,1.5817248989709,1.61238413727275,1.64924787140576,1.69365695190358,1.74665196948035,1.80846400391497,1.87748287033003,1.9510608531376,2.02728460740078,2.09998468983698,2.16429757222502,2.21501904339367,2.25091676080111,2.27031949516542,2.27431292775529,2.2653088116348,2.24665518510334,2.22216038254227,2.1924212758559,2.16102943844832,2.12912564485326,2.0974927894327,2.06668786651241,2.03678652221276,2.00874090182255,1.98348593171105,1.96244062056601,1.94688246508442,1.93793727602452,1.93658292246359,1.94342398555431,1.95880776544576,1.98214609416974,2.01286159664932,2.04954402396122,2.09062344165681,2.13461513188041,2.17939486343055,2.22504786147025,2.26979153793251,2.31227824509245,2.35096237789693,2.38242953925221,2.40636230751927,2.41919565112815,2.41878525031622,2.40384686234356,2.37551322162006,2.33466012695123,2.28444543345667,2.22984314328363,2.17505230400187,2.12320556883606,2.07506822139572,2.0308889301286,1.98810390702018,1.94336801882887,1.89183402952456,1.83308034691662,1.76511992392116,1.68843479531507,1.60553718760591,1.52221630140334,1.44248721712377,1.37078338834912,1.31397381875758,1.27645021092914,1.26237699834338,1.27066565735812,1.30213901394335,1.35355581331702,1.42126468641631,1.50068041446014,1.58733109610051,1.68027514433275,1.77452444397835,1.8677596980717,1.95717236868904,2.04049755497462,2.11595934233341,2.18045404162384,2.2316033970746,2.2670149983609,2.28688930905005,2.28980669883148,2.27797939488322,2.25322350917953,2.21760547974795,2.1739676282422,2.1221642253169,2.06469358614452,2.00277579340114,1.9380113405015,1.87359935411725,1.8100081304677,1.75142515846999,1.70098171347683,1.66128224070446,1.63303270535694,1.61665810405894,1.61033870271517,1.61057355647021,1.61373236962295,1.6150159530459,1.61413655218354,1.60839089530084,1.59768597191173,1.58327959420334,1.56772779296367,1.55306975277873,1.54235116530772,1.53873269741716,1.54431154081816,1.56019453656113,1.58661065551468,1.6222601055492,1.66418247457135,1.70839378843902,1.75126624202628,1.78709440822555,1.80480535170647,1.80124722602428,1.7701543211276,1.7052391149989
"2-13-1",NA,NA,NA,NA,1.81832286931174,1.88041763823466,1.95109534269979,2.0277949688677,2.10849788695983,2.19012593475635,2.2685232170228,2.33907221713325,2.39825051388899,2.44187253400937,2.46694600737273,2.47135143134498,2.4558062705761,2.42270290753217,2.37509780360537,2.31734466186749,2.25448629798982,2.19157800031108,2.12896535018975,2.070539251991,2.01704775494374,1.9686747749591,1.92468336195794,1.88569896293576,1.85104175980507,1.82061354540568,1.79437255882616,1.77149189756576,1.75248207738697,1.73591146369517,1.72069021368729,1.70600688388214,1.69180354717014,1.67789030879549,1.66506876386548,1.65460058752678,1.6477032129407,1.64568443687602,1.6482881066004,1.65568924885048,1.66692322018208,1.68068209329211,1.69462636693723,1.70842192304837,1.72041837412519,1.72948460049141,1.73501077046531,1.73641099709777,1.73417694232791,1.72807654482374,1.71885827024054,1.70731555371464,1.69540799599143,1.68381655824382,1.67389978865597,1.66790269471213,1.66730480543176,1.67338496859168,1.68579363023488,1.704972733255,1.72921411440392,1.75662752281427,1.78370690257859,1.80846351309247,1.82935402280618,1.84322058741272,1.84863740546777,1.84509116932503,1.83454008829407,1.81668937743801,1.79587406345138,1.77586097571452,1.76185928097893,1.75825114148898,1.76642574732976,1.79060642141741,1.83197043268428,1.89033145906407,1.96133169971982,2.04513944626491,2.1345702233371,2.22431830721299,2.30905783144161,2.38389086125206,2.44850650722475,2.50020145069264,2.53902840030733,2.56556480078625,2.58080797282071,2.58459289210921,2.57740545873693,2.55930525011082,2.53004691393637,2.48980009311768,2.43924270997067,2.37973106577077,2.31348198266627,2.24257533703857,2.16927239423147,2.09450338633215,2.0196664252743,1.94561304025826,1.87313021956306,1.80462138133173,1.74040847130114,1.68325454096199,1.63594973641819,1.60098042836857,1.58101275613165,1.57531342281071,1.58464150936958,1.60663247495203,1.63865980351907,1.67658210520102,1.71801629276253,1.76055852624338,1.8005884050268,1.83601279634256,1.86433477057113,1.88529586261371,1.89742932257999,1.90032852262102,1.89392963068686,1.87862780642977,1.85621055584896,1.82661134037984,1.79297506287356,1.75737880347406,1.72225639160251,1.68933498236521,1.65923812635249,1.63353652808482,1.61288278082206,1.59817225626033,1.58966920818926,1.58823735125125,1.59420926736874,1.60789919264791,1.62899622228266,1.6554297289463,1.68766768886371,1.72208512546606,1.75593937123686,1.78645982878268,1.81177973466034,1.83096098770112,1.84379704957776,1.85166068228097,1.85693442579502,1.86403256715267,1.87346418223481,1.8893948588363,1.91383698601589,1.94724433992877,1.98720418361679,2.0321246769906,2.07745732900424,2.11803075810915,2.14978700262768,2.17011806809041,2.17945727961849,2.1787209180985,2.17134782016333,2.16083853069567,2.14920891968986,2.13714501786427,2.12363568852838,2.10533529222984,2.07810576806589,2.03633274608741,1.98026390193623,1.9078791901282,1.82116034706903,1.72383021003005,1.62326193305354,1.52400022401518,1.43090875742004,1.3517053748513,1.29138401386373,1.25598075788386,1.24530759539692,1.26200021537454,1.30517543560595,1.37266799970587,1.45975558976089,1.55960580539423,1.67063895963776,1.7818626363368,1.88606794729941,1.9749924454521,2.04445928509781,2.09137987452542,2.11339904410473,2.11089845775833,2.08567712959625,2.04383134657494,1.9843486219825,1.91553036737157,1.84195363222449,1.76806936830407,1.69811649593161,1.63241935618016,1.57410178344255,1.52416542798125,1.48373810751612,1.45441132263769,1.43631684559106,1.43128842910521,1.44063756154466,1.46573718757184,1.5065234037377,1.56312877870697,1.63356632439625,1.71396028444581,1.79967798468971,1.88110021514355,1.95781106526022,2.02107982250866,2.06560562009531,2.08829223966931,2.08952229498032,2.06963865334055,2.03282385300847,1.98710159137882,1.94012245584166,1.89960447512012,1.87114402670302,1.8592928952438,1.86535527016755,1.88761673677335,1.92346362500036,1.96772502010746,2.00660784516419,2.0360612186378,2.04821176598096,2.03507343865217
"2-14-1",NA,NA,NA,NA,22.5312817543993,22.9468373584294,23.5038190396236,24.2525326265131,25.2098429288784,26.3853914897906,27.7448809616652,29.2044033407432,30.6707688993113,32.006340423629,33.0671623863419,33.673719716077,33.7062894953992,33.1307562768744,31.872108824111,29.9402097521286,27.407595831448,24.4933718667452,21.197823546386,17.8366819239079,14.6165569220028,11.7395175701205,9.3506441979754,7.47635577049592,6.16326888311058,5.36326851775715,4.99899253852769,4.93971409127207,5.18550250882488,5.62276187949412,6.19876766799933,6.89256430833946,7.69417794892308,8.61362388304794,9.64415654138259,10.7802369384371,12.0069721616076,13.2903905246363,14.6037102842382,15.9006590340104,17.1427947452031,18.29684771739,19.3462066061742,20.2882987464034,21.1290320117842,21.8937579421247,22.6034676973783,23.2671080374415,23.8770192579237,24.4171189188915,24.8484626207248,25.1266895512404,25.1914594200267,25.0350803184124,24.6322650918926,23.9836067089975,23.1059676284077,22.0273070758507,20.7865601299921,19.4027415185331,17.9245258867663,16.3843101590411,14.8180989192804,13.256259123158,11.7188602261652,10.2459343053047,8.86633022606892,7.61418478703946,6.50854813911337,5.57197040245561,4.82009488986676,4.26677261578679,3.92920883561521,3.80913582714495,3.92173686121548,4.26248289301206,4.82798029392742,5.60791367515224,6.5674120706244,7.70468313157162,8.96649672957489,10.3148769722393,11.7134058653427,13.1322324711366,14.5582933679479,15.976280116905,17.3840277141643,18.7810979549741,20.1614304305965,21.5212769250643,22.8451613077813,24.111886096152,25.2938873985264,26.3465437141701,27.269104448915,28.0289009926451,28.618471542543,29.0406419747861,29.3223455517298,29.481007857785,29.557352145226,29.6045521664114,29.6668385521927,29.8070325456246,30.0164899830991,30.3275171724216,30.7454832595582,31.2677784571992,31.9038001604815,32.6266354825801,33.4471861984115,34.3453436188999,35.3032582783715,36.2662813233001,37.1936628337343,38.037674851484,38.6923428235266,39.0707391068118,39.0519508883816,38.6154855709687,37.7028916900771,36.3012026079243,34.429690799561,32.142592812017,29.5436480221078,26.6603607619015,23.6549549714272,20.6415904542352,17.754996743675,15.0863001977416,12.6849472923559,10.6357356735423,8.97225016733946,7.71716968710633,6.83252014001262,6.3521338968298,6.204757082622,6.35068056222172,6.74366847953323,7.31647550547368,8.0780590513879,8.95494257391866,9.91060426489552,10.9083337620123,11.9141440707549,12.9087201074993,13.8641135186447,14.7687205546904,15.6205590276821,16.4477425595012,17.2443277790491,18.052860190993,18.9081203655485,19.8325363666081,20.8293813807066,21.8846065419665,22.9701278856203,24.0366853726329,25.0357658936548,25.908255341268,26.6562128866109,27.255801936566,27.7135829055385,28.0458137909545,28.2706180952383,28.4004382499968,28.4396589961334,28.3952769747928,28.2681328155321,28.0829735994731,27.8407099761908,27.5684358642982,27.3122542218534,27.1119260044304,27.0132397433699,27.0107340931406,27.1237583227258,27.3189886195574,27.5525492962673,27.7370971645859,27.816408830011,27.744098667194,27.4268901121444,26.8122274438507,25.8525878289215,24.5726257651951,22.958826035858,21.076639419114,18.9944616562257,16.8090388094402,14.6283003499364,12.479976642615,10.4910495749597,8.72688894529112,7.24493042280924,6.05337548557678,5.1767983016797,4.58917917767534,4.26466030539846,4.17324788247709,4.26887887423139,4.56519544155506,5.01871593460275,5.6154665041901,6.3419752072902,7.17303573905749,8.10340711877683,9.09682698766309,10.1234301144559,11.1554975238754,12.1786826964654,13.178105755134,14.1564904994551,15.1297912021458,16.1163540165917,17.1529659983924,18.2258505154858,19.354665077515,20.5332540621292,21.7432460718183,22.9495896176073,24.1234064042548,25.2191635791039,26.1814576759582,26.9625518033469,27.519136170571,27.8176500665892,27.832920943079,27.5543598402532,26.9828735014926,26.119203310635,24.9801159405481,23.6214988679716,22.0441255208608,20.2690562540119,18.3156117134666
"3-16-1",NA,NA,NA,NA,1.81179409767156,1.8129562149066,1.81351203477223,1.81423313182384,1.81566988617385,1.8175879505755,1.81887882571765,1.81787988296693,1.81306137134606,1.80278474940668,1.78618751027333,1.76377993871774,1.73769506742727,1.7102353868624,1.68543338616712,1.66716935517923,1.65896946978035,1.66150502822757,1.67543671112698,1.69821772042814,1.72641239625796,1.75595469198145,1.78285100595953,1.80676584571545,1.82560942521508,1.83983738044668,1.85072009556632,1.86021588719628,1.86866073413154,1.87733043554855,1.88652354703772,1.89603281094619,1.90561660913711,1.91467657451772,1.92319009304909,1.9312646098948,1.93911142562939,1.94696744080221,1.95498098680872,1.96319139297288,1.97127163246356,1.97883427932594,1.98493908007313,1.98960498491041,1.9921231345544,1.99205591925558,1.98913482117131,1.98274201636413,1.97361317328511,1.96156207079307,1.94714199076959,1.93098926257221,1.91504228695348,1.89976387681219,1.8864128409127,1.87749052558433,1.87512345239465,1.88279848084273,1.90091648233883,1.93169427589016,1.97554550115382,2.03159477437763,2.09573772879941,2.16325526371369,2.23139874941887,2.29087206806878,2.33511353206039,2.35772160316031,2.35812094626792,2.33421919305395,2.28980751341929,2.23020784774044,2.1634008877439,2.09821372685764,2.03622722650678,1.98671469671936,1.95321789865523,1.93754980422068,1.93679190008277,1.9515386917073,1.97561252527879,2.00399194053404,2.03147634520737,2.05284839302198,2.0685307610316,2.07533593980407,2.07346646928552,2.06410211135911,2.0498390779691,2.03058938073069,2.00871279373989,1.98560008647588,1.96202657343496,1.93856244592741,1.9152394904487,1.892418748827,1.8700838685919,1.84794873915611,1.82453909423499,1.80035565717823,1.77400802898919,1.74466327704741,1.71212517381748,1.67762058324344,1.64220785341019,1.60804873957772,1.57863610766648,1.55703118423172,1.54694436259873,1.54852215841367,1.56328424870894,1.59085923594049,1.63015215349173,1.67970454435754,1.73778289181521,1.80370736914022,1.87559537556756,1.95244852407985,2.03296789682127,2.11586848714082,2.20018667586048,2.28352342155919,2.36386441032034,2.43860685217639,2.50637208599212,2.56556597934154,2.61497205748269,2.65390908760224,2.68195914462623,2.69984213990319,2.70703939493902,2.70498729766552,2.69461988447063,2.6771783136355,2.65420585215232,2.62579079027005,2.59381320273251,2.55918199414633,2.52252412004494,2.48376328790643,2.44360512261706,2.40136034426848,2.35644909485936,2.30813575653162,2.25580583514561,2.19950123731884,2.13913727064306,2.07548611331786,2.00999621131341,1.9456617505611,1.88331835602671,1.82634252031586,1.7771238918691,1.73720094182047,1.70693251422588,1.68542973424452,1.67115296997457,1.66142774729104,1.65407114427469,1.64816293861495,1.64340230351548,1.64075879500347,1.64206420936244,1.64916006153611,1.66224135366237,1.68114036999437,1.70399414682726,1.72666716111206,1.74477208027707,1.75259906484336,1.7494000292966,1.73237900543508,1.70204833764104,1.66060814374397,1.61312543851252,1.56340536795657,1.51510928441848,1.47449314508953,1.4452142563258,1.43019481752079,1.42856894921029,1.44061027457961,1.46339118229639,1.49386215791875,1.52858758693423,1.56517717387724,1.60338824752481,1.64141495248619,1.67938228677776,1.71750147569645,1.75578319668428,1.79372707844111,1.830440402741,1.86462871002629,1.89484324755456,1.92054946205776,1.94099472065052,1.95674295065446,1.96849925060303,1.97707394433742,1.983217621596,1.98700194608521,1.98858283238949,1.98766785963435,1.98398583888978,1.97791656694724,1.96935978388062,1.95949966112783,1.94963001525683,1.94110488602172,1.93518654797731,1.93206856412943,1.93212038446655,1.93476498780938,1.93914361048231,1.94377157991612,1.94835792154888,1.95176960285122,1.95335882035895,1.95291178717346,1.9505544834639,1.9464939381239,1.94115658298877,1.93515283640164,1.92898572632325,1.92305266504166,1.91752699517309,1.91240499333438,1.90736893576653,1.90185064639097,1.8952878912975,1.88679458404952,1.87452709481509,1.85791433916333,1.83586575414588,1.80725277956678
"3-19-1",NA,NA,NA,NA,2.25015914798749,2.27867015263272,2.32741872859054,2.38179903073994,2.43293747242112,2.4740331397643,2.50553608291078,2.53564877348748,2.57478185889572,2.63882645828637,2.74363743008525,2.90592558820771,3.13328972102741,3.4246967483858,3.77804597391379,4.18237923239919,4.61954307731179,5.06207334617778,5.50492227425013,5.91731044446898,6.28313171328591,6.59125357449059,6.8421736288215,7.03362751035598,7.17696879720838,7.28463164732889,7.36830775633907,7.43595205132759,7.48695269387578,7.52040987936483,7.52729553566437,7.49488782653606,7.4033907109017,7.25424948835241,7.03492431057283,6.74466701693174,6.38844732027002,5.98350192098161,5.53672460467615,5.0691022785195,4.60322439819748,4.15774982724915,3.75188010618455,3.38816245244624,3.07576387900354,2.81267794883973,2.59306923221587,2.40334470380645,2.24046967367378,2.09588972675315,1.96075821800452,1.83388824678995,1.72262397418186,1.63473441021033,1.5798542407506,1.57645743145384,1.63917238826507,1.78463561564887,2.0112778232483,2.32216997234669,2.7100737311729,3.16381914553749,3.66796261826928,4.20761484161602,4.77760555751753,5.35946712982232,5.94222260381102,6.5105037418649,7.05311191925863,7.56068946243527,8.01716310029136,8.41208166940413,8.73914804668743,9.00604805369528,9.20687251348983,9.36319986284806,9.49156655184127,9.61156563097794,9.73795081519991,9.87178515240887,10.0200146897073,10.1778391638534,10.3352553218791,10.4717927012166,10.5878354258216,10.6614767168637,10.67874373288,10.6261612843899,10.4865595807351,10.2638603255239,9.94617678266097,9.53319331427607,9.02899407867199,8.45193446370142,7.80722249745028,7.12096351870636,6.42238224947192,5.73763839805928,5.10198370331739,4.51678880509543,4.00442215057929,3.5704904909003,3.21455140199149,2.92558464919024,2.69955132837508,2.52590872250795,2.38645083531738,2.26912290717375,2.16030718847584,2.06006042149369,1.96248944488146,1.86915929720873,1.78631506610137,1.7299088305384,1.70762830395207,1.72977229600238,1.81357788320021,1.96786742555684,2.19622464912925,2.4909553569585,2.84864540061027,3.24877570333132,3.67229278918733,4.09556283113399,4.50637537790422,4.89625657033339,5.25564398466547,5.58466007109504,5.88837856350616,6.17763556038911,6.45165149159062,6.72536166113697,7.0061748307913,7.30140255874129,7.61452721635476,7.9449451147246,8.2938713061147,8.65825382046284,9.03438742253742,9.41390365667233,9.79446682565643,10.1665046417178,10.5242221913462,10.863453803151,11.1792945220968,11.4724581258635,11.7390810783308,11.9744601133424,12.1695728108534,12.3015208225375,12.3681156876937,12.3426298638635,12.2065506694071,11.9470910617274,11.5614712466821,11.0599082063126,10.458729567643,9.78946773891486,9.08207831636346,8.37262074595695,7.66612082016236,6.98144566560263,6.32458239335479,5.6958198693473,5.09984529219313,4.53609001270806,4.01543461706852,3.54786547320998,3.14488094305237,2.81447134431138,2.55424698419819,2.3634085759109,2.22351182389072,2.11728099548231,2.02315766437792,1.93390444147584,1.84072719918214,1.74062455914084,1.63704571598044,1.53639583644631,1.44436539402593,1.36146528641654,1.29191922459959,1.23557811805042,1.19293845427676,1.16474487822981,1.15057170130506,1.1552226456505,1.18156381298459,1.23043605854519,1.29816937810013,1.38486893710802,1.47998373804647,1.57484377034102,1.66049825677106,1.73369376960143,1.79178575026715,1.83803469328837,1.87860376783322,1.92240440808658,1.98007205035156,2.05158220363343,2.14523245841611,2.26285893626782,2.40418102940692,2.56462436047165,2.7444146713268,2.93716377614495,3.13652173282988,3.33490829449731,3.51810747993222,3.68737334836188,3.82936121354577,3.93771906237872,4.009961363127,4.05578870680727,4.07563158661853,4.08597724510363,4.10709691028537,4.15739619382798,4.25269899833057,4.40432586937963,4.62041345262479,4.89868121492067,5.23156198609307,5.6049708084108,6.00560634362917,6.41228218477031,6.80131120862265,7.15055416813514,7.44222836698883,7.65204279645474,7.74232187475089,7.70204191243098,7.50983302403265,7.14464740215108
"3-20-1",NA,NA,NA,NA,12.7642674937587,12.6368737107176,12.4822143176931,12.3509739980781,12.2728459614711,12.2684413008883,12.3318981579188,12.4296420992126,12.5197106721877,12.5426877387549,12.441286086218,12.1592069588524,11.674317673941,10.9941760033428,10.1325887185884,9.13053850151579,8.04742740176818,6.96205143607077,5.88623281532593,4.89752342473406,4.02939098418567,3.30361364204521,2.71915424875781,2.27965957309113,1.96716882766606,1.76287295348216,1.65058408406246,1.61704809230565,1.66535360580846,1.7917844759922,2.00384016320591,2.31418521686178,2.74064326740729,3.27945413638601,3.93761217502005,4.7065679938177,5.56953248849037,6.48770787298174,7.44763101933134,8.40684749167659,9.3273408886098,10.1805376295777,10.9426515321064,11.6177624642933,12.2022157308056,12.7133411960984,13.1679614800417,13.5803741071506,13.9554189101195,14.2919076219748,14.58533317996,14.8246968374186,15.0071561797792,15.1289249202565,15.1945677322093,15.2247882605471,15.2432406564166,15.2857640636439,15.3602604389877,15.4876224702515,15.6691978415021,15.8924943803238,16.1156585241119,16.2976863918979,16.4126303037485,16.3872278152365,16.1737232724604,15.7289198562647,15.0605425998424,14.1588500469184,13.0686955684175,11.8426850548127,10.5529655513177,9.27656045673513,8.0289901117226,6.88898679135873,5.88830662708711,5.04685448028284,4.35074260963258,3.81172425415101,3.39362883413352,3.06858926085369,2.80737769354512,2.5773894293272,2.38274156872423,2.20006709960613,2.02861095842444,1.87585520594114,1.76125040470309,1.68404473098783,1.6631904941586,1.708373407019,1.82171493163975,1.98977250895425,2.20844226934191,2.45418198420292,2.70133999672049,2.92610734362688,3.09931157750178,3.22543356641512,3.29182955319879,3.30645449080715,3.28335974438288,3.25298346739164,3.2240029478992,3.22051890014774,3.26873908349823,3.38510167034216,3.58759189893116,3.8710193805882,4.24195788605306,4.69193669638696,5.20992513478166,5.77514329413695,6.37474769295078,6.99650621408588,7.61472490336795,8.21340423491422,8.77590805550392,9.29850874067248,9.77215231594921,10.1980994279385,10.5809861366774,10.932743522697,11.2650953600665,11.5821128776607,11.9024634762758,12.2341479013011,12.5797183703562,12.9306223854211,13.2847604747401,13.6223105051727,13.926153925605,14.1814421509459,14.3800673331253,14.5170001301033,14.5967189618439,14.6300031884816,14.6322712644092,14.6159957092936,14.5876442264564,14.5524153195036,14.5028851369635,14.4175842801913,14.2512142851306,14.0020554386543,13.6177432146013,13.0675279928228,12.3325977057432,11.4272713494803,10.3612623869746,9.18357561340468,7.96061907489276,6.76011682687009,5.67833793916043,4.71486907926364,3.93302350288642,3.34989895280917,2.96405349138425,2.75109784683975,2.69388175764228,2.76213435171572,2.90891422810185,3.0998496807376,3.29153647785738,3.48015635953133,3.64150544738548,3.7626592674829,3.84160105337759,3.88281167837588,3.89405281940213,3.87715755361731,3.84897531648774,3.81735794884705,3.79036302969801,3.76723212929779,3.74680539924184,3.72886117154034,3.71067931335487,3.69103299586655,3.67087063687362,3.65452499244182,3.64514269118697,3.64550531750569,3.65218429204133,3.65807088459774,3.65725675473352,3.63237831518877,3.57094170213297,3.46637537327843,3.32673585390417,3.15316733266411,2.9716040586826,2.80563026733929,2.67922552418854,2.60314431289819,2.58216061743905,2.61004712338666,2.67115536920388,2.74388168786765,2.80435349202324,2.85092266577948,2.86726625537653,2.85219731416796,2.80892293068517,2.74658135034332,2.67115003638007,2.59248933894115,2.51923056711571,2.45885469106187,2.42724552056248,2.41938412235482,2.45124203321115,2.53545490560405,2.68505338877472,2.92610993393937,3.25368053682214,3.6873121970045,4.22883634901747,4.87373449896037,5.60229148554862,6.39962985781477,7.23240691429705,8.05500845187528,8.82677720257742,9.51040502727494,10.0781769994723,10.5122680683164,10.8122880150574,10.9916425285103,11.0655965506584,11.0663967148924,11.0751411488899,11.1110486511547,11.2180050201805,11.4409458643634
"3-20-3",NA,NA,NA,NA,3.27206996366672,3.72357418361364,4.30184337744364,4.98234299838882,5.74367788391382,6.56093852880948,7.40427460672494,8.241026592269,9.04496896291546,9.78368360016284,10.4285975937709,10.9479873490478,11.3237211855718,11.5537620964253,11.6281312143199,11.5509480548718,11.3344591155479,11.0132063246661,10.5820578457632,10.0888974633186,9.56119688538573,9.02590484818813,8.50436726035391,8.00101627557092,7.52692614767267,7.08070211805672,6.65716554942356,6.24321946645944,5.84434108788917,5.44883875660732,5.05213485200414,4.65286310030683,4.25048872869114,3.84966243029972,3.45205442816726,3.06316878385944,2.68984031647724,2.35026900514151,2.04266588511689,1.78405294871871,1.58770094810857,1.46378234087411,1.41793334101242,1.45006579304048,1.55851234087239,1.72899774653845,1.94507595938006,2.17798014988839,2.41891077730739,2.64585025125217,2.84256886089248,3.00427755844025,3.14369551116906,3.274613290505,3.41471857882039,3.60109913983104,3.86025073046004,4.21231103037194,4.65096799442599,5.17313594704327,5.74930231458622,6.3471109176486,6.92930766714581,7.47761298071776,7.98191820360814,8.43511445888746,8.84511775530437,9.22500368617525,9.58735501491846,9.93340360140801,10.2703256641197,10.595121307682,10.9033488307207,11.1908358240459,11.4513279059465,11.6871293658643,11.9011452793368,12.0992854803588,12.2836881164523,12.4587752740488,12.6223611603897,12.7691504042148,12.8881660242607,12.9583006069946,12.976998871783,12.9202284201189,12.7723513602373,12.5208190098902,12.1602394162054,11.6945154230858,11.130963802423,10.4866867324278,9.7809111319564,9.04190600273626,8.27598455764238,7.50701317964448,6.75101664486898,6.01851926483551,5.32007648954308,4.65617820813938,4.03365967717483,3.45403699278778,2.92009489765676,2.43586867433517,2.00458317140738,1.63169906940087,1.31914298926632,1.06925187755916,0.884825717263603,0.760818521595105,0.695449283454585,0.682977819883748,0.719636125119352,0.806571262739234,0.941518620039252,1.12821212362732,1.36815804207048,1.66017431468301,1.99127140026564,2.34636987012299,2.71010659657797,3.04764467339264,3.33098482575957,3.53170017333127,3.64736029525062,3.66922066463429,3.611415793965,3.4933081561937,3.34105708191204,3.17968025439026,3.01332641996188,2.86517437882809,2.74206360640789,2.64886910255063,2.58672069495334,2.55953834501772,2.56934017838265,2.6184392505399,2.70675164411019,2.82678543977062,2.98264965274241,3.15932917443697,3.34768945170022,3.54104629160837,3.7422526929573,3.94981071640883,4.17650015248386,4.4372167929229,4.74793701547308,5.12610721139278,5.5685075011229,6.08125304468452,6.65717661684423,7.28489194999218,7.94370326430363,8.62712466075663,9.31572334719175,9.99220284168264,10.6427532522694,11.2460090096577,11.8023320536921,12.295413283578,12.7167565335405,13.060945301258,13.3254017366941,13.5153770669641,13.6332489423144,13.6936310222781,13.7086974082727,13.693661264837,13.6563081317861,13.6056496400526,13.5515064940236,13.4990300723241,13.458600272548,13.4288629611386,13.4166115308164,13.4288027857321,13.4729574531547,13.565010084806,13.7019981090776,13.894621714428,14.1403041803683,14.4318694339946,14.7449079002848,15.0469680898842,15.3250843742925,15.5204287954192,15.5894049419934,15.4793683842421,15.1720741885905,14.6490878528179,13.9090231098792,12.9687412447527,11.8636381914503,10.6646247753388,9.37268702226634,8.08215218411507,6.85062452827177,5.73622668430732,4.77985516310552,3.99479432089791,3.39834657070244,2.98201414521041,2.72577796216603,2.58229894451039,2.55030253205874,2.57557696083016,2.62368714080271,2.67122477129342,2.70207976965913,2.72291578227127,2.73358119678792,2.74526109158088,2.76602791775754,2.78920151231111,2.81373083636715,2.81877435216181,2.78448068778423,2.69251403813792,2.53785123399965,2.32025462963132,2.05805934725112,1.79066663350776,1.56023347328975,1.40979265190455,1.37271045362309,1.47269858796502,1.71305408572254,2.07862937370651,2.54805135196159,3.0818078815121,3.58827899058819,4.03455673199183,4.36476158841584,4.52280110584442
"3-20-4",NA,NA,NA,NA,4.4163595046015,4.30848995025558,4.19833444970751,4.07597741109806,3.93668217105285,3.77962917797622,3.61367086011182,3.45688466376036,3.32768773436502,3.25188178050712,3.25334391557643,3.35566699525124,3.56798602541781,3.88686051994385,4.30675419349483,4.80972942201914,5.36874526773999,5.94528383378462,6.532550605153,7.08973099929107,7.59784867485668,8.04634342438482,8.44055605753103,8.77753953323217,9.07581284484897,9.35139931443963,9.6164914844657,9.87066700453929,10.1116553812258,10.3234587675888,10.4815069290541,10.5573823384989,10.5128490524417,10.350695720595,10.0494449171188,9.61207107670181,9.05155018337054,8.40567849699006,7.68454795479575,6.92933241458276,6.1809547410132,5.47140749184601,4.83192701489048,4.26479660772493,3.78348695017605,3.37967759431831,3.03879841369829,2.72874084565685,2.44303239990215,2.16058906551984,1.86055502579679,1.537809908964,1.20255401085272,0.872930733396009,0.566513017590426,0.323584775019171,0.176847128618666,0.165655942710411,0.292703541222272,0.567752969254614,0.986976578950864,1.53675043385816,2.20101039591434,2.95690467624423,3.80294978417583,4.71384544430882,5.67395544496219,6.65419073347886,7.62214383224765,8.56066756600356,9.41509431225309,10.1462323640116,10.7178744643188,11.1280147249114,11.3589472519475,11.4401489986068,11.4035636329875,11.2926798646813,11.1568410914245,10.9980756323301,10.8587163991272,10.7484408140073,10.6660302519993,10.5885728073634,10.5178644069132,10.4214453578553,10.2735247590535,10.0481129651085,9.71161830391388,9.27342736330373,8.71136872548659,8.02609555521496,7.22724946472991,6.34953104165591,5.40086071862404,4.42593793322581,3.47210450610243,2.58129912852408,1.81264790320373,1.16485951303036,0.675660261840991,0.353248082433969,0.195168222859566,0.175900806990244,0.286138678511269,0.499314640678388,0.772710257938969,1.07494140634486,1.37112002625712,1.65755974205417,1.91737872333854,2.15416588359379,2.38249452521215,2.64056904653322,2.94697362993739,3.32732728607801,3.82164248632836,4.44870503024479,5.20982353435663,6.08290445335386,7.05424193362256,8.0671339106812,9.0718483803036,10.0117174086652,10.8651444256964,11.6148886563352,12.2556638742675,12.8031248899441,13.2859553032999,13.740392781826,14.1710371357317,14.6181075588748,15.0973664470592,15.621936421313,16.1927413287745,16.807257913294,17.4625881210153,18.1524813646382,18.8736567542723,19.6153500065834,20.3796313800814,21.1545626000085,21.9321238306756,22.700586416107,23.4309580909017,24.1214670748782,24.7341083850282,25.235326095982,25.5879704657265,25.7418063736828,25.6948476125564,25.4102787025736,24.8798863828761,24.1078011014036,23.1248677120887,21.9508696094679,20.6357435552219,19.239509030251,17.8115795439309,16.4044740098241,15.0230967020114,13.692095473213,12.4131091588737,11.1824069424438,10.0029143039118,8.8770723698639,7.8222221971454,6.85632541996604,6.00191081824306,5.27848674081481,4.68585588297159,4.2270841008789,3.87942596488935,3.61929051259382,3.41629537489571,3.25870384529483,3.1337523304444,3.0351297607461,2.96676006307586,2.93686150528152,2.95296905780263,3.01589877863494,3.12993073411356,3.29346656871342,3.5052731183555,3.76344285957955,4.06436611923353,4.41114236744367,4.80504515382355,5.24708797106733,5.73191024739829,6.25892447589242,6.81584028217677,7.39127219024546,7.97095973983182,8.54161393071441,9.09842946608207,9.62998930694076,10.1307250451882,10.5961274095205,11.0257440103749,11.414548906074,11.7641514967549,12.076159363326,12.354430207902,12.608715302057,12.8401510556829,13.0616029295165,13.2807180092196,13.5005358321579,13.7122852655514,13.9157307850629,14.0941794651957,14.2315295327584,14.3155225710619,14.3481963998835,14.327616092371,14.2700415905237,14.2003110432762,14.144245273933,14.1251193541157,14.1598860857856,14.2607536257647,14.4240009299125,14.6371481834691,14.8771834624394,15.1214443618061,15.3349970908541,15.4785213541455,15.5146479456382,15.4130287647352,15.1326120318225,14.6092177803709,13.8228379418458,12.7354425541836,11.3081505659632
"3-18-1",NA,NA,NA,NA,1.75283120250839,1.73169806659175,1.71182095404868,1.69376135295549,1.67792641875311,1.66437150885798,1.65284357432926,1.64292973181477,1.63417249358165,1.62626897794253,1.6192883583756,1.61419450852093,1.61247516104816,1.61525939903469,1.62483928192709,1.64297477260177,1.67089526127962,1.70748135130272,1.75291171995301,1.8037968537633,1.85693770434087,1.90889242034393,1.95665933562434,1.99961743195241,2.03641593410191,2.06750947542828,2.09392477066306,2.11709057430032,2.13718327692661,2.15501055229495,2.17042925096623,2.18267611769998,2.19021760964677,2.19267957019827,2.18878019033433,2.17800147234928,2.16030630568857,2.1364168978665,2.10728657515395,2.07437677930608,2.03958487019339,2.00450129477228,1.970711056827,1.93830146296142,1.90782990692149,1.87918613371428,1.85214324896846,1.82678598835859,1.80343095302488,1.78286076288448,1.76603166586057,1.75393286012426,1.7476345785393,1.7466547817186,1.75098123354898,1.75958624459376,1.77153883304115,1.78643823793606,1.80384361698592,1.82417358727454,1.84782017456378,1.87503368495445,1.90438871286142,1.93410625395964,1.9627215573511,1.98540837507556,1.99823523771542,1.99722257609192,1.98214233911192,1.95157430587323,1.90839664199379,1.85645346727174,1.80151115434003,1.74981294843745,1.7029049288316,1.66721702077048,1.64533958336811,1.63867755362544,1.64519506190568,1.66520037246998,1.69432638576135,1.72901765566764,1.765612812901,1.80027905374042,1.83359218526061,1.86302525369073,1.8883531251263,1.90969977962811,1.92747491574663,1.94122050037651,1.95094476416009,1.9566499153459,1.95852280611455,1.95865560491967,1.95688187027186,1.95622806168996,1.95938137930305,1.96834269739458,1.9837912355971,2.00512163687764,2.0307910400899,2.0572037733324,2.08084834933796,2.09739576553951,2.10664290488491,2.1068431252224,2.09838695307627,2.08264797064457,2.06168375179926,2.03680286755054,2.00901711177763,1.97967519323967,1.94927908041546,1.91872890819644,1.88827551340547,1.85868171587474,1.83141030858883,1.80766851222772,1.78878894336398,1.77475670173181,1.76624628557581,1.76234457482655,1.76208689193509,1.7638876431004,1.76656971841651,1.76965096113977,1.77163987883732,1.77183726380614,1.7695100192713,1.76460833234174,1.75662968613498,1.7457258863385,1.7322614585534,1.71720300943279,1.70240893322647,1.68815963917485,1.67716826049512,1.67102592318033,1.6708947231063,1.67640996292363,1.68758203455849,1.70249696294542,1.7192141605073,1.73597332612535,1.75175479635018,1.76640006373906,1.78032600375097,1.79474115798184,1.81090404285148,1.82910492660198,1.84971660944328,1.87156992258022,1.89264056447362,1.91048194340529,1.92148291242587,1.92572234991371,1.92105195888342,1.90766874215027,1.88677437529112,1.86262538603771,1.83592346904986,1.81105747263152,1.79235635467902,1.78306993261006,1.78616140990583,1.80096303743973,1.82809490569456,1.8649160782107,1.90814153355696,1.95279909354006,1.99603391053485,2.03443410254171,2.06420756198972,2.08385084434028,2.0929020768312,2.09326972251996,2.08615111783966,2.0743612814572,2.05935841501627,2.03993990566373,2.0146650852697,1.98043584103779,1.93266852811318,1.86801332742753,1.78633062559846,1.69223176346874,1.58818611366423,1.48616211744731,1.39650217278253,1.32969137994396,1.28891737831018,1.2765745235758,1.28908523768687,1.31968996845138,1.35957278500363,1.39955962054908,1.43890956637682,1.47100770343313,1.49529820632694,1.51257860581192,1.52481146515666,1.53230296545184,1.53615615344486,1.53632945251006,1.53233679845723,1.52451805166809,1.51199933674007,1.49632572439685,1.47899180032365,1.46137126026947,1.44451191073836,1.42867480026352,1.41378115839752,1.39915237761906,1.38426740926504,1.36981557909936,1.35577985441124,1.34398684984504,1.33646002156765,1.33495220234254,1.34019674551194,1.3524907690849,1.37062916551859,1.39170319261357,1.41253717297075,1.42990499069417,1.44135662761236,1.44532865451747,1.44200811435608,1.43313408442678,1.42096883425499,1.40934129838568,1.40664702934762,1.41615195415668,1.44318057591042,1.49315269866565
"3-16-2",NA,NA,NA,NA,2.15007616791757,2.05969523522433,1.97124840108294,1.89324428331378,1.83050783603757,1.78826106809882,1.76936686427258,1.77319823676443,1.7966800063909,1.83452818724573,1.87982943965281,1.92320993152235,1.95655237986523,1.9753264087037,1.97286898286896,1.94624140947761,1.89536273762442,1.82727035498562,1.74166478328503,1.6507732126269,1.56344794803304,1.48838841087536,1.43189537818362,1.39399146858988,1.37622124192257,1.37552222449944,1.38759968602055,1.40646727115493,1.4321708201753,1.46053287437159,1.49031301697128,1.52136313922635,1.5530427059294,1.58599946528377,1.61880502602637,1.65009309570116,1.6784304078141,1.7035754778414,1.72449267270007,1.74204223988361,1.75829904255339,1.77537701247059,1.79605348658526,1.82055264873305,1.85022043699678,1.88428417145997,1.92089351458595,1.95480183599764,1.98480046310341,2.00648699018679,2.01531774760523,2.00849410893643,1.98408209547212,1.9446136814721,1.89071956774621,1.82799636614772,1.76199095078038,1.70166120539587,1.65053721066999,1.61270053112565,1.59433491631318,1.59852848875291,1.62866351779693,1.68283302555833,1.76338642414318,1.86638035824981,1.98760896638288,2.11825062951977,2.24832208249317,2.37417425886413,2.48019455924199,2.55676300001276,2.59533115283229,2.5967676112942,2.5578826839052,2.48732370935131,2.39453463372843,2.29201918422805,2.19461384753982,2.10313581804655,2.03107735731384,1.98283400882072,1.96056431684838,1.96127616439361,1.98476437047113,2.02492962345929,2.07593013585992,2.13196968368034,2.18451866474446,2.2350827567096,2.27651848830163,2.30530625706796,2.31871163205944,2.3124213541095,2.28786920143003,2.24211894390095,2.1760018179859,2.09120213795288,1.99435177288105,1.88772099705651,1.77973100678154,1.68068761899863,1.59929119215015,1.54595687679933,1.5213483563196,1.53077758284203,1.57386528494901,1.64835430841088,1.75010803913718,1.875213960336,2.02077137412888,2.18134195581638,2.35434063726325,2.53806126022392,2.73192050815494,2.93577376130904,3.14874496690327,3.36968832930439,3.59466672178571,3.82038161135728,4.04229219309587,4.25356518974382,4.44862517940032,4.62259758787594,4.77626122672055,4.90828961942685,5.02385983948553,5.12839522248834,5.22859625468572,5.32971777857055,5.43294866053701,5.5421755392949,5.6575611478451,5.77927040385545,5.90594652495929,6.03717874550814,6.17269672591967,6.31305408568878,6.45909645609875,6.60912009293134,6.7655927818683,6.92436458164343,7.08105072318621,7.22809208575128,7.35297515708917,7.45433034861385,7.51883953806568,7.53951675144054,7.51295620100196,7.44570179407418,7.34023658585539,7.21192989297246,7.07905693567989,6.95903203809139,6.87429961803554,6.82343712753849,6.81887776381483,6.86092071945869,6.94616315657955,7.06820518224154,7.2219095402924,7.40203489561923,7.60053030346619,7.81237019810095,8.0289146951383,8.24873936298504,8.46474182597981,8.66824827889929,8.8522440824149,9.008443320447,9.13521008280361,9.22705812911305,9.28488112929091,9.31084585564087,9.31125054221885,9.29130841784022,9.25589959150271,9.21448558933689,9.17218501354913,9.13123693075767,9.08953822725755,9.04580536038494,8.99283912627702,8.92432618817141,8.83427872424179,8.72249852020734,8.58960151238066,8.44016093954438,8.28096746947485,8.11990752535081,7.96301852172997,7.81214835562234,7.67065892930831,7.53835443757454,7.4143526832579,7.29824373701793,7.19120263534201,7.09462058711886,7.01106561243219,6.94300920704376,6.89142463940764,6.85761118814306,6.83989717771385,6.83667041281344,6.84774618592684,6.87766713496499,6.92277121364752,6.99061486216005,7.08721417553144,7.21896471916962,7.39065108280516,7.60010108630771,7.8451895080005,8.11482832526609,8.39396949809247,8.64699875318427,8.87244126997729,9.03588042909097,9.11255978470058,9.08470626781317,8.94558043362179,8.6890165223128,8.32119108080328,7.86389765589045,7.34034800709461,6.77826989099155,6.19964969224888,5.63045298351938,5.09152893641498,4.59635062031529,4.15361414015281,3.77181265771434,3.44965201286018,3.18860756750613,2.98863018040759,2.84851189580634
"3-18-3",NA,NA,NA,NA,NA,NA,NA,NA,NA,NA,NA,NA,NA,NA,NA,NA,NA,NA,NA,NA,NA,NA,NA,NA,NA,NA,NA,NA,NA,NA,NA,NA,NA,NA,NA,NA,NA,NA,NA,NA,NA,NA,NA,NA,NA,NA,NA,NA,NA,NA,NA,NA,NA,NA,NA,NA,NA,NA,NA,NA,NA,NA,NA,NA,0.978440375299176,0.969242102867096,0.964843170044452,0.965357189403671,0.970958465549172,0.979893411018096,0.99004060927803,0.998660601223362,1.00428020214224,1.00585729459482,1.00291067407365,0.996266073477281,0.987846617941409,0.980514304035647,0.975048660890625,0.974863845810866,0.981728493106678,0.996866502744335,1.01978007444131,1.05015417142886,1.08607625975153,1.12558977422279,1.16688521148613,1.20842567966192,1.25043640702956,1.2924209267274,1.33473134512978,1.37752449139339,1.41966350338295,1.46095290274631,1.4990046660388,1.53143138329327,1.55602845908352,1.57132095723227,1.57749812294746,1.57518126802171,1.56679801588518,1.5550214697921,1.5436476216748,1.53303949893589,1.52545582522813,1.52161918647021,1.52140987153104,1.5242555241276,1.52946694669726,1.53664811313164,1.54496985397878,1.55400372894245,1.56283699763657,1.57151049994133,1.57945336480325,1.58569277337146,1.5895792822307,1.59046225014396,1.58848366705711,1.58333525059358,1.57582093079228,1.56682925809788,1.55795380567036,1.55024220903937,1.54466560322401,1.54277354667014,1.54535527739455,1.55262555089468,1.56404829727384,1.57957692239662,1.59759382113773,1.6167711185295,1.63583445453677,1.65416640895876,1.67133283653453,1.6875832182576,1.70383543938351,1.72187429783185,1.74345911400761,1.76913308960754,1.80072824439156,1.83866588410054,1.88226707086317,1.92845512962976,1.97695193299842,2.0228563286085,2.06237855261967,2.09187245208946,2.10892286672162,2.11324059536322,2.10477895600022,2.08551337452446,2.05816834684921,2.02687925900049,1.99243740118482,1.95835376997321,1.92647877505751,1.89758711486795,1.87153963480214,1.84796192859053,1.82611873836641,1.80514666675179,1.78477442555889,1.76655158992024,1.75064706414938,1.73948734996751,1.73549604362527,1.74085866292473,1.75721229014118,1.78392896015987,1.8206935047025,1.8645344106889,1.91208741505983,1.9587764569119,2.00233745441282,2.03984703100727,2.06899319525827,2.08920149591465,2.10081498062408,2.10561546754415,2.10470479371003,2.10030030257315,2.09325096708592,2.08198544188828,2.06526600352943,2.04047175694349,2.00384984666139,1.95283859495523,1.88759634108465,1.81214994315378,1.72842685250547,1.64655938927744,1.57536217893358,1.52444213238535,1.49746952160686,1.49703120704723,1.52196178107932,1.56772882272108,1.62745111763574,1.69193152014357,1.76061549492399,1.82447227493779,1.88006209307793,1.92487914726967,1.95827748400447,1.98012741921344,1.99078191497327,1.99121772430584,1.98245862390718,1.96672932792707,1.9439480120447,1.91683930409132,1.88725845853333,1.85651534402512,1.82598363175675,1.79580539955623,1.76689425851746,1.74014962688352,1.71702222056464,1.70236285419438,1.6961789044453,1.7039275417786,1.72956368695193,1.7760305060265,1.84380089889056,1.93318268614657,2.04134885506185,2.16210722146706,2.2890918927734,2.4155342342403,2.53619111447463,2.64641640519081,2.74404525680462,2.82935112313437,2.90357615253385,2.96977812011211,3.03722809661893,3.10887812588137,3.19030259176411,3.28738214548643
"1-7-5",NA,NA,NA,NA,NA,NA,NA,NA,NA,NA,NA,NA,NA,NA,NA,NA,NA,NA,NA,NA,NA,NA,NA,NA,NA,NA,NA,NA,NA,NA,NA,NA,NA,NA,NA,NA,NA,NA,NA,NA,NA,NA,NA,NA,NA,NA,NA,NA,NA,NA,NA,NA,NA,NA,NA,NA,NA,NA,NA,NA,NA,NA,NA,NA,NA,NA,NA,NA,NA,NA,NA,NA,NA,NA,NA,NA,NA,NA,NA,NA,NA,NA,NA,NA,NA,NA,NA,NA,NA,NA,NA,NA,NA,NA,1.60160726864798,1.74804925487179,1.89964973680352,2.05639364726065,2.21800182885317,2.38412718967292,2.55380244153965,2.72555189656841,2.89661959921233,3.06547805320954,3.22912270805084,3.38497272567116,3.53112240641793,3.66701572890711,3.79233625764298,3.90781595638906,4.01522274370986,4.11593841008056,4.21034771351793,4.29778719921071,4.37713230846495,4.44529266062759,4.49887098211292,4.5332537946707,4.54737458072143,4.53912813303415,4.50814603752116,4.45555501553823,4.3839987061493,4.29672430313729,4.19581868977449,4.08609589367107,3.97065749618137,3.85199396793201,3.73120162886682,3.60915579280591,3.485850668118,3.36090453712297,3.23462378233292,3.10765848981255,2.98087368591228,2.85674868613612,2.73834500964686,2.62924073708625,2.53176173668095,2.44877182219186,2.38076460236835,2.32663224442037,2.28162021635014,2.23780175131893,2.19512137200777,2.14311312416382,2.07651258097093,1.99299631132659,1.90063958153249,1.79940224625363,1.7057130838131,1.63679350552583,1.61147184178957,1.65386453528082,1.76395375057917,1.95762255617066,2.23667080583208,2.59705909500638,3.02328913297508,3.50849689136472,4.03231962889425,4.57264193455676,5.11204097900838,5.63156274393246,6.13100993739103,6.60148733855244,7.04324121413377,7.45881590589896,7.85006375077359,8.2186918027905,8.56242654295773,8.88044552148571,9.16906574302091,9.42752115846899,9.65434068026571,9.85053615725131,10.0239236680095,10.1827345199358,10.3381683210465,10.4952283383677,10.6618439837523,10.8397498504971,11.0255479077175,11.2046469142095,11.3656224544288,11.496929099647,11.5766852284941,11.59266263227,11.5422630492734,11.4390000129208,11.288075902707,11.124120307887,10.9774047818723,10.8821101768215,10.852900298997,10.8969909147412,11.0150510266883,11.1940991179016,11.4151549243139,11.6486014165856,11.8930573738362,12.1191821224085,12.3142124981095,12.4660908074387,12.5613801888196,12.6009266080838,12.5700863328929,12.4594665975484,12.2574095691564,11.9530771978075,11.5457064513704,11.0309270518587,10.4130115432554,9.70009939327826,8.91646872581878,8.0674585520579,7.18472937199211,6.30003170494004,5.44327612572981,4.65892468329271,3.94796691343804,3.34290070965112,2.85491725544069,2.48715207715847,2.22870524749511,2.07541780379871,2.00713562818477,1.99307622189891,2.00812139621169,2.02919539063138,2.04124562211479,2.03435315895218,2.01068308834902,1.98217225114831,1.96239741675701,1.97439835611331,2.07726527618064,2.28622779356548,2.63384222320657,3.15344910209035
"1-6-3",NA,NA,NA,NA,NA,NA,NA,NA,NA,NA,NA,NA,NA,NA,NA,NA,NA,NA,NA,NA,NA,NA,NA,NA,NA,NA,NA,NA,NA,NA,NA,NA,NA,NA,NA,NA,NA,NA,NA,NA,NA,NA,NA,NA,NA,NA,NA,NA,NA,NA,NA,NA,NA,NA,NA,NA,NA,NA,NA,NA,NA,NA,NA,NA,NA,NA,NA,NA,NA,NA,NA,NA,NA,NA,NA,NA,NA,NA,NA,NA,NA,NA,NA,NA,NA,NA,NA,NA,NA,NA,NA,NA,NA,NA,NA,NA,NA,NA,NA,NA,NA,NA,NA,NA,1.07911594252921,1.06619083102889,1.07772471945362,1.11982283180526,1.19199190093498,1.29507047147543,1.42231325277759,1.56597132823279,1.71382316216542,1.86184018002466,2.00243071528296,2.12962747158065,2.24255465634591,2.34579932914854,2.44452284182318,2.54421389902813,2.65613581915224,2.78777422555324,2.94444911377741,3.12384213918605,3.32449781354393,3.53779504028879,3.75446963976841,3.96398452043231,4.16172669807417,4.34573960699931,4.51463300139166,4.67114382490736,4.81899763341151,4.96153131014458,5.0980659501636,5.23007074152195,5.35655460901865,5.47789753122074,5.59618513944443,5.7108655195304,5.82818656724016,5.95270261105451,6.08748081517804,6.22918038050128,6.38053080063757,6.53110406471205,6.67060579834914,6.78579201718328,6.86246836925095,6.90027518207677,6.89028783195034,6.83362319874543,6.73631571896804,6.61746352721131,6.48107590134215,6.35146538777974,6.25063704371383,6.19793403629843,6.21910816026011,6.31046383144625,6.48707731224033,6.74927866884087,7.09384822107332,7.51358451215602,8.0005803248173,8.54651186458329,9.13623959071453,9.75827806495814,10.3948072324771,11.0411006754409,11.6833149065175,12.3069207102288,12.9006147647915,13.450097855891,13.9531396082429,14.3995634882538,14.7881473655827,15.1193925611431,15.3979437492361,15.6322577954586,15.8270121846863,15.9972034633408,16.1521700514789,16.3004926174457,16.4436069659251,16.5821748160633,16.7152940959715,16.841211255438,16.9640324400668,17.0871021116932,17.2170616028715,17.36616954051,17.5448259457408,17.7604789024005,18.0047950206832,18.2789965809954,18.5595047578214,18.8238660848794,19.0438045433491,19.1955064621589,19.274236994451,19.262826341298,19.1586841325586,18.962198597948,18.685024644149,18.3264805922176,17.9025969542788,17.4262043711586,16.9143627672546,16.4005122853186,15.8803973960303,15.3925936156937,14.9632845863929,14.617098062488,14.3762535923532,14.2389440601773,14.2102653860176,14.2715533345684,14.3959679203048,14.5129785678839,14.621994558432,14.6534032517454,14.5533965488164,14.2828658126208,13.8227028231696,13.1573431463011,12.2925921011435,11.2662990427026,10.1213569732311,8.91230381170782,7.68395444874932,6.49372982772109,5.39372531597446,4.4238975383269,3.61405510541504,2.99872120977569,2.60976805929196,2.46150708190547,2.57458184467854,2.9679655314959
"3-17-3",NA,NA,NA,NA,NA,NA,NA,NA,NA,NA,NA,NA,NA,NA,NA,NA,NA,NA,NA,NA,NA,NA,NA,NA,NA,NA,NA,NA,NA,NA,NA,NA,NA,NA,NA,NA,NA,NA,NA,NA,NA,NA,NA,NA,NA,NA,NA,NA,NA,NA,NA,NA,NA,NA,NA,NA,NA,NA,NA,NA,NA,NA,NA,NA,NA,NA,NA,NA,NA,NA,NA,NA,NA,NA,NA,NA,NA,NA,NA,NA,NA,NA,NA,NA,NA,NA,NA,NA,NA,NA,NA,NA,NA,NA,NA,NA,NA,NA,NA,NA,NA,NA,NA,NA,NA,NA,NA,NA,NA,1.34743552546874,1.51491649769395,1.68736492252405,1.86230670339807,2.03777925127372,2.21139137191589,2.37956853234949,2.53921329802683,2.68617826872765,2.81905737037841,2.93524677444161,3.0329299856253,3.11134646461018,3.17023732597911,3.21149239739786,3.23545530669614,3.24529723270385,3.24310935749781,3.23083502019483,3.20963699623952,3.17946281809948,3.14135852255872,3.09596078594462,3.04554628211562,2.99300025327849,2.94067100351016,2.89382171619541,2.85638651971696,2.83128320555202,2.81674611896414,2.81349078799764,2.81534383396818,2.81669675405673,2.8112962840312,2.79430793884374,2.7661649010672,2.72514997153955,2.67289804205897,2.61138720903036,2.54307850877688,2.46768790551192,2.38626565296994,2.29923630372783,2.20791522730619,2.11826173577488,2.03123671085017,1.95590114100638,1.90016144777767,1.87027591477888,1.86945695204349,1.89635997729008,1.9476844320589,2.01533154027824,2.09163177229972,2.17188239538736,2.25282066033996,2.33503514399001,2.42235321404995,2.52004163442876,2.63263662439954,2.75985690312487,2.90110440188242,3.04840428757873,3.19108580446686,3.3082764951656,3.39507791265566,3.43668916807707,3.42133090953692,3.34367686824745,3.20624355282871,3.01844484676606,2.78635966791138,2.53404746449406,2.28197004590823,2.05606664528911,1.86682548189751,1.72582724603565,1.64152597001751,1.61219608726859,1.62663235099383,1.66825302828586,1.73218664352087,1.79143111050584,1.83049445943813,1.83565991747091,1.80815882200614,1.74785016009813,1.66581738566879,1.57628440691488,1.49612333097442,1.44323365888674,1.41635696075127,1.43017200244126,1.48838588549173,1.59581323991777,1.75756781132028,1.97545915048047,2.25686291917096,2.60640079089238,3.02543027485193,3.50154377497679,4.03546644242366,4.60302397624503,5.18064735158911,5.7448129362354,6.2700805520479,6.75538777723183,7.18821427109283,7.5721888906123,7.9162143025324,8.24178633961438,8.55109251149861,8.86352225849705,9.19455446481996,9.55395134096661,9.94772027082713,10.3790842034803,10.849452160208,11.3543767749123,11.888025392269,12.4418479783987,13.0089250153071,13.5780710873115,14.1370274404671,14.6747034799288,15.1816041707419,15.6457818011845,16.0492100492538,16.3854494869474,16.6440834259253,16.8156184277105
"3-21-3",NA,NA,NA,NA,NA,NA,NA,NA,NA,NA,NA,NA,NA,NA,NA,NA,NA,NA,NA,NA,NA,NA,NA,NA,NA,NA,NA,NA,NA,NA,NA,NA,NA,NA,NA,NA,NA,NA,NA,NA,NA,NA,NA,NA,NA,NA,NA,NA,NA,NA,NA,NA,NA,NA,NA,NA,NA,NA,NA,NA,NA,NA,NA,NA,NA,NA,NA,NA,NA,NA,NA,NA,NA,NA,NA,NA,NA,NA,NA,NA,NA,NA,NA,NA,NA,NA,NA,NA,NA,NA,NA,NA,NA,NA,NA,NA,NA,NA,NA,NA,NA,NA,NA,NA,NA,NA,NA,NA,NA,1.62543626482993,1.71666514856367,1.8194540670779,1.93005681159884,2.04779701000979,2.16655162240557,2.27533538683577,2.36372984896951,2.41923054391673,2.44137124125044,2.42457589695008,2.37393738600155,2.29829120847266,2.21577546930027,2.139823256897,2.08197778811914,2.06352906947317,2.09645941434997,2.18889363012096,2.33566978518514,2.53743018807479,2.77855630834918,3.04448882853741,3.31990703287714,3.59286078636956,3.86013657722894,4.11506991341634,4.35953155791955,4.59890191518243,4.83782008898068,5.07683400500166,5.31832892676553,5.55845758629084,5.78731584245096,5.98724705191933,6.15396038427553,6.26540510452302,6.30671326721514,6.26527239464358,6.1380427386001,5.92607269877089,5.63841728879504,5.29092788887894,4.90206836897895,4.49870607135943,4.08380061751382,3.67997175654544,3.29967693035595,2.95087732594878,2.6401685208483,2.36742890908808,2.13595472092553,1.9437118687228,1.78910340166352,1.67007612333771,1.58446071670341,1.53029743579527,1.50385040333674,1.50427603252094,1.53367269675212,1.59140550469079,1.68018577283474,1.80066766080063,1.95135950854561,2.1216371203269,2.30640798109771,2.49321704291351,2.6639554100905,2.80408259907641,2.89984331361263,2.95376679248026,2.96268328765966,2.9395335138569,2.89916909283989,2.86248320284798,2.8432407590176,2.8501055035482,2.89784264322406,2.99136788084328,3.13270007371777,3.31785093541186,3.54750006273408,3.81474481684042,4.11538305642939,4.44514989392237,4.80062671581483,5.18348237840377,5.58961465856665,6.0184945739888,6.47109297397484,6.94800136910087,7.44511535799463,7.96385032031501,8.50406201776315,9.06750182972622,9.65409932203006,10.2641997659262,10.8964582706336,11.545600614682,12.1995468745962,12.828883080761,13.4314047588829,13.9698104946368,14.41650137228,14.748373373534,14.9526220058922,15.0328656435015,14.9980103633494,14.8756428388513,14.6968745356644,14.5118106354342,14.325126002367,14.1750999012395,14.0827821211646,14.0583434914349,14.1019864660348,14.215249938405,14.392127371062,14.6179723945649,14.8811143525972,15.1693953372931,15.4757119447031,15.7917642937904,16.113061817701,16.4396838283983,16.7728609066775,17.1158999556802,17.4823712487165,17.875207867292,18.3019802470376,18.7712297273284
"1-7-6",NA,NA,NA,NA,NA,NA,NA,NA,NA,NA,NA,NA,NA,NA,NA,NA,NA,NA,NA,NA,NA,NA,NA,NA,NA,NA,NA,NA,NA,NA,NA,NA,NA,NA,NA,NA,NA,NA,NA,NA,NA,NA,NA,NA,NA,NA,NA,NA,NA,NA,NA,NA,NA,NA,NA,NA,NA,NA,NA,NA,NA,NA,NA,NA,NA,NA,NA,NA,NA,NA,NA,NA,NA,NA,NA,NA,NA,NA,NA,NA,NA,NA,NA,NA,NA,NA,NA,NA,NA,NA,NA,NA,NA,NA,NA,NA,NA,NA,NA,NA,NA,NA,NA,NA,NA,NA,NA,NA,NA,NA,NA,NA,NA,NA,NA,NA,NA,NA,NA,1.8396815076698,1.98161655536361,2.11804169085073,2.25925190858622,2.40963313976444,2.57407951080165,2.75611093410435,2.95432408354554,3.16239098911616,3.3714973327296,3.57693791524096,3.76495667072983,3.92657434606081,4.05476551290371,4.14935568315015,4.20938569629333,4.24108403616441,4.25186646696418,4.25042791396899,4.24337874456812,4.23140694131675,4.21781353794379,4.20015603419376,4.17268521420628,4.12680860675209,4.06296710435505,3.97228474608144,3.85102974158247,3.69679183510076,3.51189384092998,3.29767187321786,3.06062419286858,2.80962918695012,2.55570362516449,2.31764702108201,2.09739894429612,1.9132767392679,1.77659185725975,1.69486884679293,1.67108745708406,1.7025320839968,1.78451260154172,1.90551288339139,2.05503336072884,2.22288912397866,2.40533930681282,2.59801068315903,2.8000805232879,3.0137299436421,3.24148515917578,3.48314172865277,3.73785760611763,4.00045779875282,4.26282771380806,4.50925604114466,4.73362463600733,4.92296929642589,5.06619203371799,5.15714354698987,5.19492455483994,5.18694968219023,5.13769520848721,5.06449742505701,4.98140203348364,4.90127495494272,4.82950402006118,4.76873254292635,4.71773301665835,4.67112241708011,4.62159395319001,4.56810064922117,4.51114334994776,4.45434285120647,4.40594568064822,4.37779885029251,4.38177705230553,4.42291172798505,4.5124108005072,4.6562148729074,4.86209528415413,5.13299543463823,5.4687866315963,5.87251040811965,6.34498664980797,6.88712670733813,7.48987549701377,8.15553058247113,8.86763852331737,9.60949459058238,10.3572931577728,11.0699441807371,11.7434898570974,12.3337366109769,12.8126492544147,13.1586307764541,13.3637700877175,13.4310919084849,13.3739681394237,13.2231918234474,13.0116373889478,12.793041972114,12.5696747101241,12.3823197620826,12.2523882943107,12.1895097719836,12.1915801196069,12.2587932823182,12.3814645163668,12.5392875798618,12.7154495584466,12.8925948471796,13.0593755799421,13.2037313617035,13.3189077450602,13.4040986609619,13.4600806925644,13.4908468184292,13.5142639609407,13.5331897485373,13.5564099601129,13.5930886212614
"3-15-3",NA,NA,NA,NA,NA,NA,NA,NA,NA,NA,NA,NA,NA,NA,NA,NA,NA,NA,NA,NA,NA,NA,NA,NA,NA,NA,NA,NA,NA,NA,NA,NA,NA,NA,NA,NA,NA,NA,NA,NA,NA,NA,NA,NA,NA,NA,NA,NA,NA,NA,NA,NA,NA,NA,NA,NA,NA,NA,NA,NA,NA,NA,NA,NA,NA,NA,NA,NA,NA,NA,NA,NA,NA,NA,NA,NA,NA,NA,NA,NA,NA,NA,NA,NA,NA,NA,NA,NA,NA,NA,NA,NA,NA,NA,NA,NA,NA,NA,NA,NA,NA,NA,NA,NA,NA,NA,NA,NA,NA,NA,NA,NA,NA,NA,NA,NA,NA,NA,NA,2.31651255802965,2.35828348373408,2.40712409008942,2.46197830282272,2.52059800732912,2.58051034054176,2.63631391639232,2.68403208250531,2.72083747714594,2.74858196957547,2.76829539871723,2.78578550317333,2.80739509625091,2.84054946721075,2.88988451523144,2.95691867499184,3.04413220131247,3.15082733331829,3.27666842313352,3.41958983668011,3.57942113731441,3.75545531014778,3.94807333857991,4.15825615180599,4.38292408863964,4.6224540188267,4.8704244580177,5.119954702851,5.3614314674134,5.5792779931999,5.7719088056406,5.92308817213724,6.02235295034497,6.06045100796484,6.02977097271353,5.93184210507496,5.76568929941391,5.53813456522231,5.2581772014228,4.94418486671114,4.60025724620696,4.24545009072792,3.8964087135467,3.56577617930972,3.26729366708443,3.00032681336174,2.77159135716765,2.57937991887372,2.42117378774368,2.29380494422195,2.19508409243734,2.1246520296277,2.079570306002,2.05947171394869,2.0630110926709,2.08812332319603,2.13238856127133,2.18972119382444,2.25463755598111,2.31978175378926,2.38258077856431,2.43873686229589,2.48556451738005,2.52171699697274,2.54531270030332,2.55755603436643,2.5565442460121,2.54315178215587,2.51782471149143,2.48325849361295,2.44322056552025,2.39831088670384,2.35681416765297,2.32477283921498,2.30945100743169,2.31366976536558,2.34081175930932,2.39083833526354,2.46091285783723,2.54376977195369,2.62756342445249,2.71158626341042,2.77988368391533,2.82346708681502,2.83493928524756,2.81530568323858,2.76313153689958,2.6873687952995,2.59939611195747,2.51309377691388,2.44693946481718,2.40365692663609,2.39862867779728,2.43795640171696,2.52319366375444,2.64897802027533,2.81319271118322,3.00611796062622,3.21818500342967,3.44305881658152,3.68116704730954,3.93234155369504,4.20348351720386,4.50381732224678,4.84218573205412,5.22383646398325,5.6511230435118,6.12115029225912,6.62318122512356,7.14366965924535,7.66661312755808,8.17836580904857,8.66476113166037,9.1153690713833,9.52439200338196,9.88890671115282,10.2080343959173,10.4878808810126,10.7309319329155,10.9416289436406,11.1253567832116
"3-17-4",NA,NA,NA,NA,NA,NA,NA,NA,NA,NA,NA,NA,NA,NA,NA,NA,NA,NA,NA,NA,NA,NA,NA,NA,NA,NA,NA,NA,NA,NA,NA,NA,NA,NA,NA,NA,NA,NA,NA,NA,NA,NA,NA,NA,NA,NA,NA,NA,NA,NA,NA,NA,NA,NA,NA,NA,NA,NA,NA,NA,NA,NA,NA,NA,NA,NA,NA,NA,NA,NA,NA,NA,NA,NA,NA,NA,NA,NA,NA,NA,NA,NA,NA,NA,NA,NA,NA,NA,NA,NA,NA,NA,NA,NA,NA,NA,NA,NA,NA,NA,NA,NA,NA,NA,NA,NA,NA,NA,NA,NA,NA,NA,NA,NA,NA,NA,NA,NA,NA,NA,NA,NA,NA,NA,NA,NA,NA,NA,NA,NA,NA,NA,NA,NA,NA,NA,NA,NA,NA,NA,NA,NA,NA,NA,NA,NA,NA,NA,NA,NA,NA,NA,NA,NA,NA,NA,NA,NA,NA,NA,NA,NA,NA,NA,2.50079085089836,2.4472339099309,2.41164259277593,2.39264824743053,2.38918705370991,2.40041124548036,2.42673369798171,2.46947954459171,2.53166734048256,2.62266602157862,2.74092599269845,2.89261138022233,3.08141998162124,3.30874224633827,3.57262242118501,3.86541783444292,4.1834413089995,4.509662431788,4.8277988897972,5.11107820186966,5.34579552548328,5.51645134143434,5.60214802919328,5.59244724748145,5.48302425460308,5.28751033730158,5.00564529412977,4.667193605086,4.29630697088619,3.92121207941197,3.5630603440286,3.22883668012036,2.93512188135648,2.68458973397198,2.47608575945493,2.30033009619214,2.16135890240565,2.04730569784051,1.95413053071297,1.87929567202207,1.82053855831403,1.78081848630529,1.75848142096845,1.75444813369071,1.76924176946798,1.80178791051753,1.85172361529494,1.91615081781747,1.9915020664254,2.07330324508118,2.15562173982416,2.23759602467242,2.31475982743118,2.38648483339589,2.45419308359094,2.52724169685358,2.60485734186468,2.69776059859857,2.81505346750018,2.96346479694652,3.14582999914358,3.36376639238466,3.61430760198139,3.88801605083853,4.17410943691531,4.45972895678846,4.73414206897904,4.9850910834346,5.20243213434734,5.37916341791212,5.51040026493691,5.59162304739226,5.62158695454758,5.59886354298967,5.52219923657953,5.39064802608848
"1-1-2",NA,NA,NA,NA,5.11240574817954,5.8100601046471,6.62766999970567,7.54944530148482,8.55772934563034,9.62668631614827,10.713938130194,11.7635974612378,12.7272207176526,13.540294822407,14.144615302481,14.4764559419423,14.5051129756441,14.2341886360686,13.6575685948901,12.8013767620016,11.7138313495468,10.4885354885459,9.12722353219592,7.74754779583898,6.41638117704957,5.1947896178953,4.12019021923236,3.20401156313188,2.452984226369,1.85066617146627,1.37453436260729,0.989399147129153,0.700695806548367,0.481218492923651,0.323258817071591,0.228691812789419,0.204041561206712,0.252713228043329,0.378238898917328,0.579898137096702,0.852785036711485,1.18635736325808,1.57017494644804,1.98951930297252,2.43052999762675,2.88207534182605,3.33150643218055,3.78309165647134,4.23251561348667,4.68104738955654,5.12811952944291,5.56555716336731,5.98949538976444,6.38570044525391,6.74404945494429,7.05870660128229,7.34612493242114,7.61522239554491,7.88867097570022,8.20945636471178,8.61087107919663,9.12148113052976,9.72946952810648,10.4354990308796,11.195143507288,11.9597206988913,12.6621700108498,13.2622330139958,13.7343597298461,14.0385861029771,14.1632116640836,14.1015980070674,13.872195939461,13.4700876780667,12.921614429699,12.244778028011,11.4632868003874,10.6132422122119,9.6952249811826,8.75895359003683,7.8344250356535,6.95315444739705,6.13612036732486,5.39889456378547,4.75078317554005,4.19262624736736,3.71934722442443,3.3137147180091,2.98074987152715,2.69942924429258,2.45947472104658,2.25514555385705,2.08763192560281,1.95929920775313,1.87750427937555,1.85314344271282,1.89733851874078,2.02515845074318,2.23224446596412,2.52504846590425,2.90001449966793,3.34983313316753,3.8593376770211,4.42299357269603,5.02562671402835,5.65150865228008,6.28792859820569,6.91702860717086,7.53807071464753,8.13874075123183,8.71389940072235,9.2612957636139,9.79108970232682,10.3001335302555,10.7954504920396,11.2931114758474,11.8056363551627,12.351587268374,12.9282570179334,13.5457247440735,14.1958181866063,14.8612827963477,15.4968971185386,16.0679580665105,16.5406544324546,16.8490892979289,16.9505535106785,16.8113456150947,16.4468180253057,15.8529250546463,15.083794057794,14.1934229525981,13.2466183539732,12.2942085709233,11.351175992413,10.4575408148752,9.61984395263157,8.83888008458594,8.10424531120997,7.42315036181392,6.78832726590324,6.20409307261045,5.67765594163038,5.20842176594201,4.81017997018589,4.4733430838603,4.19060947491304,3.94920890970243,3.72888495316373,3.52623922008409,3.32102205213788,3.10342687523241,2.86909519700925,2.62675950134748,2.37925116847473,2.14496521999767,1.94544048513894,1.80057139261513,1.73604428254854,1.74771873044688,1.84811959141372,2.0346543783251,2.29978188425299,2.62760524262213,3.01262585264803,3.4409021545649,3.89690124222281,4.36943165009336,4.84367470058801,5.31741567686929,5.77984149154135,6.22504859501577,6.65054677869377,7.05996121055167,7.45635217651996,7.84404412712269,8.23563552819567,8.63896700655441,9.06233733012377,9.5010010573775,9.95387628413749,10.4121978153328,10.8660117495096,11.306866168628,11.725935123839,12.121760416641,12.4896105098824,12.827253591411,13.1254545090203,13.372878657142,13.5629765271758,13.6706509596836,13.6748332153414,13.5491488133776,13.2868095622667,12.8781853981981,12.3276990000526,11.6479412905263,10.8617029665351,10.010065605096,9.09603788539287,8.17227750852518,7.27163416978513,6.4277909544478,5.66642942303087,4.99772803658848,4.43610632899471,3.98127624393184,3.62462939871415,3.33756109966061,3.12427756554344,2.94878203906271,2.78777601394769,2.62497739258024,2.45659805035066,2.28392955995337,2.11850426772945,1.98295278098218,1.90156850966722,1.91210474331636,2.00976880537575,2.2164856267595,2.53333178353936,2.95157154625442,3.45003849427293,4.01418115789175,4.61649578169522,5.22355038931053,5.80826953787836,6.34684481060701,6.82253446075437,7.22364221992151,7.54839578343214,7.8024148010687,7.991181480024,8.12942752482187,8.26172753160157,8.39305140926262,8.54414457289232,8.73658918579863
"1-7-3",NA,NA,NA,NA,2.25232743397804,2.2458179561128,2.24517459724833,2.25175151310617,2.2660893385654,2.28810070564059,2.31639526983565,2.34835821805793,2.38119226937181,2.41136162647331,2.43571272082635,2.45145050649622,2.45774836639678,2.45527968505942,2.44514856032774,2.42961278082282,2.41147184780654,2.3937127197927,2.37634533252832,2.361552800782,2.34956505092388,2.34036685253026,2.33375399062804,2.32964101126967,2.3281979843199,2.32972693874979,2.33451615490323,2.34195114633261,2.35248498614767,2.36467019948801,2.37696131740148,2.38770074208914,2.39476153380725,2.39801711798705,2.39618651783733,2.38932724409042,2.37804879717884,2.3647069556934,2.34938525572466,2.33451805872744,2.32226775383519,2.31422301239055,2.31153869292742,2.31396223393615,2.32148190701215,2.33243817650682,2.34481113838084,2.35438599333217,2.36077217109089,2.36108082624456,2.3530041044475,2.33563148285828,2.30991857820438,2.27756623895888,2.24012042063978,2.20271883699329,2.1698756884303,2.14804867758097,2.13908359990209,2.14617752234069,2.1713054667966,2.21404677237166,2.27114156366739,2.33780147724331,2.41207382733923,2.48519087050026,2.55115941591607,2.60388413009912,2.64163010496795,2.66255291374845,2.66775033739149,2.66025522287762,2.64510638216839,2.62850746363665,2.61096869943037,2.59943181941767,2.59655508601035,2.60376778749402,2.61919183204396,2.64306949827827,2.67109461280088,2.69945761671652,2.72405286639369,2.74069723759637,2.74957446260816,2.74807697165579,2.73633751031583,2.71540568693182,2.68785183145966,2.65410518860304,2.61697024741989,2.57852021952502,2.54019492474795,2.50313696811644,2.46745505877479,2.43362950700234,2.4015926373877,2.37119282602571,2.34226340210042,2.31531805096944,2.29071794183519,2.26920202468435,2.25180966089435,2.2401156078699,2.23474941977431,2.23693957875863,2.24761878871814,2.26735824514475,2.2972006972714,2.33632129895111,2.38502686941435,2.44301731635524,2.51014860660017,2.58730967503996,2.67344143661864,2.76924666755423,2.87410420382668,2.98702170567346,3.10488055619931,3.22433184135435,3.34264520049926,3.45287718510283,3.54940279591018,3.62544115884288,3.67890578745319,3.70675925494124,3.70854388005379,3.68571277409545,3.64182288612911,3.58272531646513,3.50923451504318,3.42962741485801,3.34871556496453,3.27110396749671,3.19903413615408,3.13378604307483,3.07575600819737,3.02383857220477,2.97593989749041,2.9285639839499,2.88282938327658,2.83504507846855,2.78415602546524,2.72981339790341,2.6733317223001,2.61498210498643,2.55723200867031,2.5028147840977,2.4548050826974,2.41758549744443,2.39137806607321,2.3796929440344,2.38382264614785,2.40391660094641,2.43811105538837,2.48517792143404,2.54175114711382,2.60379426376396,2.6681578347021,2.73306585549262,2.79760033360565,2.86195638291898,2.92758075928663,2.99612501764076,3.06816891589818,3.14349710094119,3.22077201410372,3.29633248563803,3.3656452900539,3.42123927273504,3.4613996041077,3.48116387280688,3.47794011705046,3.45155424561629,3.40536956466503,3.34400300158649,3.27140965686397,3.19716145414574,3.12826738692124,3.07163368380571,3.02833592389076,3.00008541666001,2.98507730556237,2.9798744805822,2.98018757136386,2.98251814777638,2.98660117985569,2.98995425869766,2.99299054573903,2.9964354478027,3.0008058799813,3.00653843981252,3.0127068956853,3.01788362535416,3.01992652016395,3.01745720911,3.00903804745142,2.99430145906429,2.97365779474118,2.94850522177648,2.92187336150113,2.89438148267678,2.86976023832552,2.85041777526169,2.83814511870549,2.83339929568063,2.83618674560043,2.84535978143326,2.85904858327332,2.87536623094992,2.89272518042305,2.91088094746619,2.92951580170043,2.9495055403275,2.97231278761961,3.00103626016371,3.03507913329061,3.07653716113354,3.12574159597303,3.1821683702748,3.24400295957438,3.30980062201995,3.37675616181367,3.44108836213026,3.49939628528555,3.54837991542076,3.58547148549353,3.60839776383489,3.61584091999149,3.60732550163486,3.58252066502925,3.54190339061834,3.48846218370225,3.42205321927105,3.34370769601226,3.25441850075898
"2-8-3",NA,NA,NA,NA,3.49632246791997,3.46892076526699,3.44311097787755,3.42285539049814,3.41042115394238,3.40716858913778,3.41227073676448,3.42270160807496,3.43476090818104,3.44354137209736,3.44452974307926,3.43377661847929,3.41026147461336,3.37510805576918,3.33042096953587,3.28004084156322,3.22883304275945,3.18173022264001,3.13923953040235,3.10492979305928,3.07929996875464,3.06226056262164,3.05279174428703,3.05075742124378,3.05524965228711,3.06576307695342,3.08178325406107,3.10145522704987,3.12523556210695,3.15038396719636,3.1745318415283,3.19534672103106,3.21012333734592,3.21865241956618,3.21945664921685,3.21283610228773,3.19964715787041,3.18271344567065,3.16208048338008,3.14048018662504,3.12030762126449,3.10324939825808,3.0906661182397,3.08224880048399,3.07818973898988,3.07692910441894,3.07647783652743,3.0726012940688,3.0645955795005,3.04939448067948,3.02422975787411,2.98785631529755,2.94092987817268,2.88511164643366,2.82198376154028,2.75670903223423,2.69378302206716,2.63891636955289,2.5937773274894,2.5609003291458,2.54116323742188,2.53336626379826,2.53369981074271,2.53825359337189,2.54514339585034,2.54777847340178,2.54233444877477,2.52576740011403,2.4987035026476,2.46050207124502,2.41477610204879,2.36567378282879,2.31902751401805,2.28018250883793,2.25016039919607,2.23408467671234,2.23321674902836,2.24734009803067,2.27231413182774,2.30836715526584,2.34884130474949,2.38884806583593,2.42324479333413,2.4470034034502,2.4603330851438,2.4600584633677,2.4461043897274,2.41918584224602,2.3817881741909,2.33397130953663,2.2786870485746,2.21867642764016,2.15654416294625,2.09714103184657,2.04045026213916,1.99110141163673,1.95207389654104,1.92539906883551,1.91202758316394,1.91112776046925,1.9216584017898,1.94015050076512,1.96342451648876,1.98695397796207,2.01045641263596,2.03154930277485,2.04911341174561,2.06308366632395,2.07406063137365,2.08237141250499,2.08802420973539,2.09215049244351,2.09561158373052,2.10082981245797,2.10854703599782,2.12074171944397,2.1399459418853,2.16734429765636,2.20201967865365,2.24158643994293,2.2842659986252,2.3236737494578,2.3546572108474,2.37163605356942,2.37377331800238,2.35972654630055,2.33132721738166,2.29196551211595,2.24632771521488,2.19931963983808,2.15183305622582,2.10865716635921,2.07169312326622,2.04308830114942,2.02428913208418,2.01601328547004,2.02033285763697,2.03862279319295,2.07205924219606,2.11911940987157,2.18079289874353,2.25322725145403,2.33303544392348,2.41628189125463,2.49804861084665,2.57753627868959,2.65067248722238,2.71557017893848,2.77091580552173,2.81564865038694,2.8499401106219,2.87327586128058,2.88590774986224,2.88798874898176,2.87994251606264,2.86222343910153,2.83571476931039,2.80203624397529,2.76266329187377,2.72076533916251,2.67636744270615,2.63225749954332,2.59073028458229,2.55374003125724,2.52354932499624,2.50025300788491,2.48527357791511,2.47782378080312,2.47649529513391,2.47731153089653,2.47837142032309,2.47613501107095,2.46586825425037,2.44477177730634,2.41151991633631,2.36808766653275,2.31566962200942,2.25959659317059,2.20455657361988,2.15552665015459,2.11381489699204,2.08014221037378,2.05408352431156,2.03374761956203,2.01772510423858,2.00493000299246,1.9960243108136,1.99206794023401,1.99483731152472,2.0052003683087,2.02138065972365,2.04353473956106,2.06594471256026,2.08337492565867,2.08940527910764,2.08040129023261,2.05472100882868,2.01159161771283,1.95294602217782,1.88232714683385,1.80660429822151,1.72609187939193,1.64841279059559,1.57834497531863,1.5208372649745,1.48207129550809,1.46161635259462,1.46477226755717,1.49353404336622,1.54891405843136,1.6289307192223,1.73266180521833,1.85524800126826,1.98990983381721,2.12997266934676,2.26478288895477,2.39347305470343,2.5075635689849,2.6022711294455,2.67474110991291,2.72447940653419,2.75029949526469,2.75332092909789,2.73706904359655,2.70453335220355,2.6591016640409,2.60300243522012,2.53898903152119,2.46889715781736,2.39341355264799,2.31268849913861,2.2267622405836,2.13324315297009,2.03162168763202,1.92055471275917,1.79845280106729
"3-20-2",NA,NA,NA,NA,-0.251058355221016,0.215356485893555,0.835188615167884,1.58212665718134,2.43224873695618,3.35950048286581,4.33306586864461,5.3186398637895,6.28789304431098,7.20475067911042,8.03515712005161,8.73741437770846,9.28240940800608,9.66058399100595,9.84858276529426,9.84103769582263,9.64299440552448,9.29434136740482,8.78808260692695,8.18781600893209,7.5349974059799,6.87118657657735,6.23206340688334,5.62323016918949,5.06380708386558,4.55282258608753,4.08522711756471,3.65256814872804,3.25872166013934,2.90106266201248,2.58383825344298,2.31533692054464,2.10260525037148,1.95103628259214,1.86142581929997,1.82839880488615,1.84430776719413,1.89477849160896,1.97676809633681,2.07811228293307,2.19276263610434,2.31911030188184,2.46184003566075,2.62661170139989,2.82181226018779,3.05977223879036,3.34933410051684,3.69772376307086,4.1015495564709,4.55859259947382,5.06103511071022,5.60078028096881,6.17587361490196,6.78228290032598,7.42336791242327,8.10547190253746,8.83516984218963,9.61592803523411,10.4395934919909,11.3018371938025,12.1792248178322,13.0475272057493,13.8690671639365,14.6262697809679,15.3022081113705,15.8743287828649,16.333262479569,16.6731568183727,16.9105766873126,17.039966855169,17.0914811976425,17.0909037796049,17.0793163990883,17.1033453572924,17.1726475242115,17.3466644341976,17.6574730640704,18.1337465637749,18.7669041861117,19.5651229928617,20.4908336762144,21.5048344061049,22.5605810157849,23.5925279943095,24.5940584811172,25.5044548869855,26.2903570549901,26.9226152546589,27.3646170501778,27.6166588123726,27.6482935646589,27.4448758369396,26.9930261537293,26.2774989904444,25.3116420620019,24.0972310379388,22.6607391345296,21.0303763462231,19.2566039042997,17.3622407134415,15.3996564460968,13.4260589485894,11.4899305695924,9.65994122219583,7.94525672246739,6.39500379854864,5.03575623158326,3.88510827113014,2.95827746802338,2.2434456024476,1.74793821846566,1.44454140435315,1.31214184768502,1.3152208691157,1.43234381389929,1.64144396993615,1.90059765833967,2.18292786826823,2.45846472353383,2.72016854252622,2.94987173099661,3.14504375051265,3.30751069905542,3.44550366047944,3.57444145647697,3.69366202276348,3.82669685647144,3.98399725121986,4.17289582146435,4.39357776832205,4.64351620937805,4.91646173488772,5.20459667104211,5.50212839636676,5.80858443188993,6.12587538978072,6.46103821835658,6.82348002973456,7.2228540158422,7.66217538149574,8.14110730615657,8.65324432541338,9.18787141791698,9.73199339866259,10.2706495186816,10.8032219709406,11.3197423552024,11.8171093756409,12.2927491206299,12.7421457452349,13.1638481626941,13.5513583104574,13.9011534980901,14.2126915781223,14.501114217835,14.7643700693395,15.0249399828534,15.3040233367018,15.6185353858541,15.9754739116554,16.3736409818152,16.8046129577869,17.2428413137272,17.6609235290418,18.0196429133325,18.3139484739899,18.5222545421067,18.6402307902181,18.6761022593129,18.6617502417679,18.6109390486196,18.5506885645077,18.5205484590332,18.5469265064892,18.6565369860579,18.8392532056989,19.1004872616667,19.4161014204124,19.7567286342778,20.0748055696947,20.3366709184752,20.520925983908,20.5782016765431,20.4817140737242,20.2018397831164,19.7412142055443,19.0883956949969,18.2550704584365,17.2563491792826,16.1154741606669,14.8732394229796,13.5321280593548,12.1485537590442,10.758461437151,9.40366566201019,8.12119668954461,6.9270856801077,5.85530484967406,4.92298024081121,4.14158501382671,3.50127583861398,3.01308979346096,2.6517788521842,2.39827603529236,2.23310207993011,2.13386461254248,2.10034404451427,2.11612582001677,2.17780487441106,2.28630208737895,2.44587004478269,2.65713498044219,2.92249638414273,3.24180682432631,3.61065942679141,4.01597981916091,4.4544511601091,4.91088528153618,5.37471187239071,5.83848137850484,6.30139943844368,6.76468543289443,7.23678916896846,7.73408493656083,8.27272913353621,8.8681314373814,9.53098447482862,10.2672858803264,11.0741222902204,11.9409153462548,12.8552358361848,13.7966660192906,14.7206587961235,15.6123314067353,16.4462146265754,17.1982879340293
"1-3-2",NA,NA,NA,NA,NA,NA,NA,NA,NA,0.820578337588761,1.27614695545116,1.71185240250147,2.12450424115946,2.51312012322825,2.87946395081135,3.22475374217365,3.54882318612667,3.85119456613622,4.12644774758285,4.36815459855101,4.56744805002666,4.71916529713188,4.81769509043024,4.86205543180205,4.85320690566684,4.79475326213331,4.69612374987284,4.55824596049271,4.39325570133516,4.20999400560243,4.01703877321559,3.82347947565703,3.63131835343547,3.44746387318553,3.27411974273851,3.11154352498389,2.95559927817848,2.80720350988352,2.66092817260514,2.51244281345563,2.35979465889652,2.20344148378996,2.04731245212918,1.89623199541222,1.75795005139117,1.6395643802039,1.54687071240728,1.48160520898852,1.44465490873422,1.43423035385192,1.44800087311341,1.48688005589607,1.55132480872002,1.64531686637243,1.77648950057423,1.95289523945383,2.18622879672759,2.47563827110332,2.82575809248536,3.23383426302033,3.69426307775398,4.19617509223588,4.72936485715112,5.2868539387168,5.85186126251432,6.41210201175232,6.95010408123555,7.45887779305582,7.92903914793107,8.35052653765891,8.71888217675998,9.03437360795151,9.30826443293395,9.53875246035597,9.74859195972515,9.95459458719914,10.1779978864815,10.4337995601535,10.7264830184737,11.0676821440993,11.4581065065909,11.8952135349456,12.3632181839218,12.8621749589802,13.3700129537953,13.8714516340611,14.3511857814233,14.7902972949982,15.1868261800987,15.5241185025258,15.7924112612296,15.9813160014453,16.0743177322367,16.0713143772134,15.9568921695447,15.722341314945,15.3602346111085,14.8638405622746,14.2417024279728,13.4979028149487,12.6498741372945,11.7165530234718,10.7318253965148,9.70512064634412,8.66805530624787,7.65022882279425,6.67566346906953,5.77588112917784,4.95322699776925,4.22889962521155,3.60853188527563,3.09356390004477,2.67629779602812,2.3488555574265,2.10330528534023,1.91609755198833,1.77121940939497,1.65218655238446,1.55424769769455,1.47067126694476,1.4007221660886,1.34874528596999,1.32328597894564,1.32964297355222,1.37017438459059,1.45014893510963,1.56759099494106,1.71329462175054,1.87701806912464,2.05033098340928,2.21567286523336,2.36068792578297,2.47557796228179,2.56309762629685,2.62158273023451,2.66411630450317,2.70447616877693,2.75814508466772,2.83893232192543,2.94925134917285,3.09726100944694,3.28166902055082,3.49836140280171,3.74101947602345,4.00732912298298,4.29225688400546,4.59584088763674,4.92254289592008,5.28216022098874,5.67691907096824,6.11785988108285,6.61058824283449,7.1561946504067,7.74320041864776,8.36702190878844,9.00610477249333,9.63723314574161,10.239184237705,10.7908954803333,11.2913582115343,11.7331177922954,12.1223675892209,12.468968628198,12.7962154655543,13.0983827492231,13.3901124563127,13.6778174033795,13.962281135483,14.2377420216662,14.4983230606547,14.7373020414792,14.9358398847623,15.0737274869987,15.1047758568846,15.0218133190847,14.7899252621112,14.3764404465524,13.7644054397673,12.9554171436054,11.9783839821577,10.8508392960821,9.64525094848825,8.42476704100238,7.26845031519873,6.20994445312755,5.28283835352358,4.51474558450768,3.90624767906848,3.44454848317349,3.09874753259168,2.86958702153398,2.71313150811996,2.60671880839306,2.52594829960719,2.45453106280247,2.39203065224318,2.32082307371072,2.23693552533178,2.13726418935007,2.03038117449549,1.90783204995088,1.78408045594124,1.66702706751855,1.5673679976543,1.50233596073014,1.47132543075973,1.49337654664808,1.5792600241798,1.73870883688581,1.97822157605942,2.29778566815552,2.69731885710334,3.17090241583269,3.71078248272847,4.30364681612937,4.94454849597755,5.61896023858785,6.31431178471131,7.0207466575163,7.72749522537438,8.43158836255134,9.12512213141027,9.80295493519558,10.459870602704,11.0902094236105,11.686183168715,12.2393872175308,12.7414041036237,13.183661203451,13.5594516847335,13.863218509519,14.0941014338926,14.2556397381729,14.3543298954199,14.3962571393866,14.3941791035108,14.37254284981,14.3383909652276,14.3058679079106,14.289368268771
"3-20-9",NA,NA,NA,NA,NA,NA,NA,NA,NA,1.56903115926204,1.96636783859237,2.34184087442333,2.69319852565796,3.02059470931436,3.32700548264339,3.61521808321513,3.88652161421613,4.14127431052051,4.37554636367003,4.58392985976371,4.75840691337211,4.89360686513428,4.9845691750395,5.02923759887656,5.02770931352657,4.98251955017977,4.90173912764969,4.78612646835987,4.64658695772952,4.49152906610857,4.3295505308191,4.17061670629746,4.0160171564239,3.87368576139333,3.74631485273858,3.63444790006255,3.53364405188925,3.44401307462945,3.35883902484839,3.27142778283986,3.1770622709404,3.07028201786802,2.95507963357256,2.83106421236482,2.70255769333711,2.57426541844692,2.45054269155532,2.33428950994135,2.22703051883674,2.13109649763658,2.04835026230316,1.98558870282796,1.94614667680589,1.93819311706775,1.9731309865579,2.06053751619186,2.21032340091717,2.42168353637533,2.69738701467575,3.03105911663175,3.41518173502544,3.83985612215864,4.29794328372823,4.78511734149123,5.29386059272071,5.8209786146197,6.36198987042085,6.91479429028075,7.47602909388362,8.03972379240042,8.6003820611272,9.15203140758332,9.69324999153939,10.218924479788,10.7315154643015,11.2339483993722,11.7333336673706,12.2377407044946,12.7480462095652,13.2745708713396,13.8215016569841,14.3923303270558,14.9811008271286,15.5850869592344,16.1923214821253,16.7906056909547,17.3674630603656,17.9057897962033,18.4019522336767,18.8404815255487,19.2102416312751,19.4979759479415,19.6770593969153,19.7492842029629,19.6865181509641,19.4691849004487,19.0790798141612,18.4929941510141,17.7232646287343,16.7640323542612,15.6345249696965,14.3595145888265,12.9917404625168,11.5474109480799,10.0804512701905,8.64623761711721,7.29014669088866,6.07190585090811,4.99251094551258,4.08828211673151,3.36553642500709,2.82183427149045,2.43558158775115,2.19298578139907,2.07690135492259,2.04313168263024,2.06081386149009,2.09025309454198,2.12287154642627,2.13699845224608,2.12351219933875,2.08683452640028,2.05027157350804,2.03888523008103,2.06812561119555,2.18544536600267,2.41862552978355,2.78744131967116,3.28349326541618,3.90410674702919,4.61587357264783,5.38397780957749,6.17212856518878,6.95648721970476,7.72909034214568,8.48231527237533,9.22561807685651,9.97426697114007,10.7396267295319,11.5230293723998,12.3250503195709,13.1326562495252,13.9219120827457,14.6602750706697,15.3365754155809,15.9176219587698,16.385190469859,16.7281861099503,16.953955099121,17.0655515013606,17.0868303806094,17.0448376812468,16.9667568670473,16.8848844717599,16.7988214967842,16.7293508358776,16.6811726447619,16.6542529547393,16.6486360211877,16.6613720490027,16.6944677509751,16.7469667105865,16.820082540485,16.9187286230642,17.0336100407247,17.1640195316304,17.2999834022055,17.4331833045204,17.5510817786742,17.6488240276511,17.7184074181121,17.745903792677,17.7159971584091,17.5861559460075,17.3510755488064,16.9747600497274,16.422386282182,15.6717479993221,14.7162104930871,13.5827629400811,12.2840193222516,10.8921010436294,9.47327403614726,8.11579077053762,6.86315469703364,5.7565355151224,4.83967663464606,4.12361912655808,3.60277614115064,3.24441020375523,3.04940157814768,2.96305186649349,2.95211089902077,2.9817736240995,3.03041497371938,3.09647942564983,3.16364589432303,3.23449658054181,3.31665745537428,3.42650898691246,3.55551293268351,3.72276162489443,3.93375780157273,4.19384220354291,4.50626059076842,4.86904028059802,5.28337614114385,5.74516136619359,6.24551013833427,6.76298741924777,7.29690196457423,7.81986575432353,8.3119513406648,8.75671526320215,9.14603063904169,9.4794222157958,9.76280678390333,10.0137129494844,10.2519902936115,10.5102116781187,10.7885688789821,11.1101665036812,11.4838619960926,11.910221913094,12.3807583320763,12.8888681726982,13.4199205110546,13.9530387160708,14.4710560674239,14.9587597506206,15.4062294380325,15.8073726980294,16.16356949636,16.4824143818951,16.771715826109,17.0471114018619,17.3455410760767,17.6760252216057,18.0591116529317,18.5163816322727
"3-18-2",NA,NA,NA,NA,NA,NA,NA,NA,NA,NA,NA,NA,NA,NA,NA,NA,NA,NA,NA,1.33026963814838,1.41842386656912,1.5190003923536,1.63181164553979,1.74808719736752,1.86156826761669,1.96619720434855,2.0578334154106,2.13538641024383,2.19806957909393,2.24769975471856,2.28677320100807,2.31826138112238,2.34225573527197,2.36025547550655,2.37178883714683,2.37531525049693,2.36829158843988,2.35040856656795,2.32012971362415,2.27757562485274,2.22379163130306,2.16197718554189,2.09347269203564,2.02211648209477,1.95161492292403,1.88492004138581,1.82469825497534,1.7708162322096,1.72403104987849,1.68308385502743,1.64644058506741,1.61154248868858,1.57835445357967,1.5459006713839,1.51352892060692,1.48157771279494,1.45123951326978,1.42315023355899,1.39794848283568,1.377260642734,1.36248210580765,1.3565215662461,1.36007618315409,1.37504550809763,1.4032818012021,1.44531800821449,1.49950506729475,1.56246225518708,1.63259863386132,1.70244303210266,1.76612977337245,1.81727835620506,1.85365933695679,1.87305579279619,1.87607267011122,1.86542406288989,1.84594936977244,1.82388997383883,1.79992909296569,1.78116780218209,1.77060400970816,1.7701766121531,1.7786672618041,1.79629729699619,1.81952129605184,1.84486598273838,1.86829680519222,1.88503157292363,1.89568625791583,1.89655557813588,1.88683307768017,1.86652818547147,1.83739842661111,1.79936299039606,1.7549789404421,1.70699436898611,1.65831076980674,1.6143075175095,1.57486402391953,1.54483766909152,1.52682069836769,1.52208160471317,1.52918401571262,1.54711575020905,1.57235120880023,1.59934100930659,1.62332588408015,1.63847559373401,1.64523882521958,1.64132815528379,1.62768683992716,1.6064539235038,1.58132810991395,1.55408101411953,1.52667233589552,1.50218531871173,1.48235461553687,1.47037313424642,1.46648409700607,1.47288810320596,1.49169210466139,1.52405165562782,1.56999723221855,1.62713306226677,1.69482640623846,1.76733507462459,1.83987386059011,1.90641061201821,1.96372760293992,2.0094722749739,2.04097839276691,2.05780534964631,2.06023643539497,2.05050425179892,2.02813684252716,1.99623456258187,1.95649425563214,1.91069267618581,1.86114966249106,1.80795410364802,1.75382518898732,1.7001406702677,1.64828107166355,1.59921086284457,1.55350522435039,1.51173924733198,1.47441025521306,1.44244162109823,1.41720371031808,1.39895378671131,1.38923687287353,1.38886395230165,1.39809749971045,1.41483524238856,1.43911217486521,1.4671322664229,1.4947891337505,1.51800206995972,1.53103404942066,1.53430716853182,1.52431633137484,1.50104052117586,1.46571107916395,1.42260892017616,1.37314213990554,1.3218962757726,1.27416204194101,1.2338586163308,1.2049060267119,1.18724394146753,1.18228377961135,1.18872851590195,1.20451081655794,1.22693877692539,1.25376329788429,1.28337180224101,1.31364674010757,1.34424336260899,1.37587817459192,1.40949933615266,1.44649276307458,1.48780372073487,1.53313662623806,1.57890185658886,1.62170883692395,1.65742951217634,1.67883259145302,1.68087134110171,1.66085175212553,1.62210952880554,1.56558789867071,1.5012659203195,1.43821732323055,1.38598593605046,1.34924910848795,1.32973330794121,1.32721613788256,1.33771140528805,1.35603018458239,1.37688383485289,1.4000632509839,1.42277223869012,1.44608402318772,1.47218822876614,1.50290919662606,1.5390842456606,1.58066897346939,1.62625559035802,1.67352994398417,1.71924088736273,1.76236569168765,1.80033794549035,1.83177472522641,1.85556218147021,1.87004055370803,1.87590991291086,1.87179101958977,1.85744544939423,1.83300759569721,1.80060381620274,1.76046544818423,1.71577393936051,1.67038807473881,1.62776545786732,1.59100952063327,1.56245748646037,1.54402293327753,1.53591305541252,1.53748580214907,1.54705986952837,1.56305224778733,1.58266073493481,1.60269124233937,1.62020381610467,1.63296674388552,1.63770230585215,1.62907778731099,1.60592230582558,1.56541533756217,1.50473049401726
"3-19-3",NA,NA,NA,NA,NA,NA,NA,NA,NA,NA,NA,NA,NA,NA,NA,NA,NA,NA,NA,3.52437638590232,3.45174668237204,3.34746085613571,3.20948506878023,3.05712341764154,2.90680397920369,2.77763971044619,2.68718711554896,2.63827834307373,2.64108492313148,2.69431926322749,2.79145978623178,2.91475462543333,3.06274494043302,3.21459244737729,3.35487385675002,3.47133892594279,3.55236212212198,3.60005325804377,3.61029216036121,3.58749730600102,3.53794366684882,3.47277855327048,3.3937742904278,3.30970233354971,3.22774321278438,3.15152447934436,3.08515058901123,3.02639398389031,2.97691714022512,2.93575321835028,2.90232462192689,2.87685545364872,2.85873593805096,2.84947352478126,2.84778445674766,2.85240676626237,2.8565185756398,2.85774412650578,2.84971461636056,2.82241504547168,2.76826320809901,2.68064125476248,2.5617368054754,2.41003294336109,2.23518614373568,2.04799754338734,1.86501144268672,1.6977820420422,1.55439235583551,1.44866218236185,1.38620926664126,1.36811326405945,1.38721449365311,1.44307558929962,1.5208668194779,1.60976564495525,1.69910046891284,1.78367632987437,1.86311595739265,1.93750792996668,2.01209735775643,2.09385898045378,2.19076690437481,2.3023959628444,2.43420751355331,2.5860577794894,2.75597812562479,2.94033304075125,3.1386752809575,3.34752730611686,3.56499210958083,3.78951385521131,4.01982663869588,4.25592458587759,4.49679708254656,4.74288431423943,4.99588706215415,5.26367798440771,5.54401874789642,5.84554895224222,6.17411564871155,6.53377766989679,6.92546562059234,7.345972267737,7.79064417231891,8.24785520996829,8.70546395174877,9.14551865308527,9.56332114534233,9.94644389964482,10.287090453674,10.5824330761077,10.8367568985974,11.0519056183669,11.2332213805006,11.3916831275537,11.5347980004596,11.6692544010697,11.7923748813189,11.9043911385989,11.9971177600138,12.0599062015575,12.0736942330827,12.0299357160657,11.9196257874247,11.7288016394242,11.4514807788718,11.0842904923581,10.6366579180066,10.1085804472729,9.5188049057982,8.88434298137732,8.22957358086682,7.57659176989337,6.93421365187878,6.32937500695393,5.77610823226036,5.28478325278469,4.8511825692638,4.48350896469312,4.16586017435508,3.88515068828874,3.62405667615378,3.36299687226276,3.1019391398646,2.82399207847912,2.52661969345728,2.21447052837454,1.90744520409793,1.60526113821114,1.33543396297136,1.11896049447912,0.973937174248525,0.9125848946217,0.932986721668423,1.03282109261025,1.19604363428688,1.40188237560299,1.61277997024015,1.82619402789659,2.01046503497553,2.14726632605966,2.22732969322977,2.24935096765556,2.22181206160787,2.15341657826096,2.06511366537867,1.97448489935677,1.90081844153265,1.847212749928,1.82062999139648,1.82310197539988,1.85169637463726,1.90631430557671,1.98445199801759,2.09000127754736,2.2284126242076,2.40768201574628,2.63690131966516,2.91704568649756,3.25264838749764,3.6364271919189,4.05828621839279,4.49848756445955,4.94318359015043,5.37894545489284,5.78531734312715,6.15158413441903,6.47519432868992,6.76578077133746,7.02512357858962,7.27795180834021,7.54420948125571,7.8455240303771,8.18936737490487,8.57817943700668,9.00872425940726,9.46805436218799,9.93835314999282,10.3953508991849,10.8355327900411,11.2356641254128,11.5858750202309,11.8786691373966,12.109184400367,12.2773762997528,12.3802031657776,12.4156174568264,12.378679468701,12.2608229843459,12.0619983600219,11.7740854272393,11.3934553698096,10.9185234472102,10.3571156941208,9.71402985580023,9.00683643612648,8.25943442382328,7.49711570685378,6.76320781041656,6.0598089000961,5.42241010302778,4.86998972992983,4.4135812670075,4.05202588958697,3.7873800234516,3.60854131783445,3.49184716147127,3.41595627447027,3.35807343101127,3.30188712725837,3.23055612894711,3.13440937101039,3.01127715160422,2.86200677953687,2.69052406689625,2.51980489640713,2.35406856509771,2.20458599064117,2.08270994754913
"2-12-2",NA,NA,NA,NA,NA,NA,NA,NA,NA,NA,NA,NA,NA,NA,NA,NA,NA,NA,NA,NA,NA,NA,NA,NA,NA,NA,NA,NA,NA,NA,NA,NA,NA,NA,NA,NA,NA,NA,NA,3.02833470001774,3.09304668441287,3.15849807261013,3.22805029207793,3.29853719789758,3.3663825777627,3.42776422145417,3.48269652952394,3.53074219378402,3.57571688782011,3.62791893154084,3.69949247562993,3.81386581943927,3.9735956425168,4.19547109630665,4.48870934945263,4.85503419269664,5.28541347074518,5.76378719686045,6.27641911062946,6.78941078887608,7.27570825936377,7.70539459481055,8.06989869527539,8.35874782629355,8.5695638845801,8.70742557876047,8.77556265014481,8.78381947385541,8.72992334263612,8.61774320969224,8.44469044256957,8.20678730448597,7.91187709283763,7.55657899349982,7.16003751384565,6.74204936816617,6.33495287639873,5.97446675880216,5.67463000902394,5.47793577746644,5.40890587566388,5.48770716123111,5.70685834023159,6.07143687953037,6.55228145051271,7.12059974678911,7.74363187540518,8.37901764223668,9.02516192063501,9.64575908260009,10.2238814910299,10.744925604074,11.1896493719821,11.5551330146772,11.8220035241206,11.9789333177583,12.0167903205989,11.9347040849638,11.7361142699958,11.4332576932168,11.0492720691274,10.6053650775217,10.1272578124901,9.62080306486049,9.10157924798796,8.57693327114327,8.04971903557919,7.52615293754748,7.00642882343025,6.49980674547646,6.01523832298916,5.56332184278571,5.15626792253564,4.79580589287434,4.48881528118564,4.23048099480392,4.01448594761397,3.82616783628296,3.6590255149558,3.50362050235133,3.34611022970835,3.17902288974492,2.9977914324313,2.80637873070234,2.60402589340195,2.40219925885097,2.21249496556874,2.05237660956843,1.93352243625796,1.8633466619791,1.85553489427568,1.91405483751512,2.03585828519315,2.20799326880222,2.42774742513847,2.67074968044686,2.91974635261583,3.15918143278179,3.38418555596724,3.59201256319552,3.7890830935194,3.98702170110778,4.20186553703127,4.4495856281245,4.72828458860393,5.04848948303866,5.40854149203977,5.80279096580458,6.21639346135212,6.64697883677209,7.07677625676293,7.4905479152815,7.87171646129184,8.19365526739048,8.45629368625062,8.63509625924747,8.71730669600367,8.69562519808046,8.57404328635631,8.35672554585634,8.05963211731518,7.70827414172956,7.32602745163066,6.93849486397804,6.5528735816716,6.18316264643006,5.83200975868801,5.49528990228181,5.15955202991132,4.8242302029201,4.4808792754453,4.12521851310368,3.76138202210519,3.41029576220371,3.08302514131838,2.80178261292291,2.59785524229541,2.49623548193294,2.52061891392426,2.66909193194623,2.94802005751915,3.33860205370141,3.81686356916717,4.3437122913499,4.89372187859204,5.446937366243,5.96906120728211,6.44564126665045,6.87510026283245,7.27114215581268,7.63427938228637,7.99828874089344,8.38864216445742,8.83631004268777,9.35062961010623,9.93359182136284,10.5841706171631,11.2853874075424,12.0080539123699,12.7043308774139,13.3728092303133,13.954508020567,14.4135997790006,14.7102705946874,14.8137072393104,14.7153105636441,14.3968564460486,13.8608279612864,13.1219392272289,12.2303741898944,11.1928799255389,10.0795075284666,8.9475534181504,7.84669710967304,6.82340413121231,5.88050936784241,5.03781380384639,4.2888347541667,3.62314235796584,3.0315045541961,2.51415315306186,2.07469524134907,1.72034566900864,1.46437230108021,1.3148219084896,1.28061314888725,1.35873310700058,1.53403341530796,1.78825623704698,2.09983647557883,2.45064295400226,2.82376421269366,3.21029737744319,3.60933109548012,4.02500746474884,4.46517587031826,4.95738475567202,5.51390291859784,6.15371747300439,6.89736137629337
"1-1-3",NA,NA,NA,NA,NA,NA,NA,NA,NA,NA,NA,NA,NA,NA,NA,NA,NA,NA,NA,NA,NA,NA,NA,NA,NA,NA,NA,NA,NA,NA,NA,NA,NA,NA,NA,NA,NA,NA,NA,NA,NA,NA,NA,NA,NA,NA,NA,NA,NA,1.92647601309369,1.93133684447277,1.93047276280678,1.92609324028592,1.91645733742193,1.90139013922831,1.881307920518,1.86442014802759,1.85611483017782,1.86643263916483,1.91352692083618,2.0125345063382,2.18273298597515,2.42141524802952,2.73429247266936,3.1133206493853,3.54697826165843,4.01864802690068,4.50967443349992,5.01466614865974,5.50910894479262,5.97643568505406,6.39042460230351,6.73203707209966,6.98775595475758,7.1296309877737,7.14087225488973,7.00934107720287,6.75047254011261,6.35743388621218,5.86840614235972,5.31572434627572,4.73782982063336,4.17531556642905,3.63435622509507,3.14822375747894,2.72744322579432,2.37747911842726,2.09379609412124,1.87923985714091,1.72514422327792,1.6252346166734,1.57447073199019,1.56273121743021,1.59469689181993,1.65944010827444,1.74937101227936,1.85728613201867,1.97161512498652,2.09144237625664,2.20672732541364,2.31396570934115,2.4123857310867,2.50909146799384,2.60731415317613,2.71819337746837,2.85633998015534,3.0331095482134,3.25925122706727,3.53303083938884,3.85578670481732,4.22066634209003,4.61926338507975,5.04236291183273,5.48601937552672,5.94724106876246,6.42457218270327,6.91977337312627,7.43480197586049,7.96885233542195,8.52062746688891,9.08486447540503,9.65514153099125,10.2236021154563,10.7853457628736,11.3355081733223,11.8711916586998,12.3914244588738,12.8970265005728,13.3881469029908,13.864156888324,14.3254987546581,14.7709891815639,15.2008430012967,15.6114509124072,16.0000851417576,16.3648502941364,16.7031594519732,17.0134017404093,17.2885282961523,17.5283728738105,17.7238864177878,17.8662915769948,17.9406143895595,17.9239411386689,17.8151564968925,17.5867760699218,17.2210803748138,16.7000819744948,16.0152299352151,15.1686867423725,14.1668827825888,13.0294716137268,11.7834682283793,10.4814324432441,9.13259769935688,7.79427408840386,6.51161486016259,5.32266521983241,4.27268588634549,3.35921731750899,2.60778988449266,2.01644016435143,1.57823173079764,1.27196369839469,1.092042455664,1.01842134316687,1.02425678060121,1.09134050467232,1.19774729159573,1.34034477335064,1.50504104093618,1.68636655396895,1.88426641884693,2.10643822491333,2.35782010421473,2.64400485820269,2.9786423925784,3.36743474943885,3.80977300148474,4.29831110849996,4.82417778833939,5.36884025939939,5.91557277048129,6.45020750213719,6.9694772898858,7.47071779073957,7.96184433696209,8.45363657270062,8.95881992599627,9.48080684483169,10.0202714061459,10.572567394305,11.1265338515908,11.6673798227738,12.180633875495,12.6598278455411,13.093768872838,13.4784494641817,13.8132685043382,14.0993643171119,14.335256720227,14.5231554807758,14.6627057122455,14.7514302926169,14.783047361711,14.7569498314991,14.6650061340407,14.499223791047,14.2484026198587,13.8968819638904,13.4473721016806,12.8875163171318,12.2159691148604,11.4371168821588,10.5737349247686,9.63280041138,8.64901375942562,7.65935317888206,6.69843034620695,5.81149805646508,5.00114070107874,4.29622021079139,3.70271292188368,3.21876280539854,2.8311418630614,2.53496913326003,2.31354565021842,2.14514099062109,2.01522355511105,1.91243922901296,1.83157412400062,1.77152204817392,1.73943035376166,1.74825806835808,1.81069067992368,1.94591320394428,2.20070677792892,2.58595360271938,3.12678869699102,3.84914241771463
"1-3-3",NA,NA,NA,NA,NA,NA,NA,NA,NA,NA,NA,NA,NA,NA,NA,NA,NA,NA,NA,NA,NA,NA,NA,NA,NA,NA,NA,NA,NA,NA,NA,NA,NA,NA,NA,NA,NA,NA,NA,NA,NA,NA,NA,NA,NA,NA,NA,NA,NA,NA,NA,NA,NA,NA,1.92640964043461,2.03412516624227,2.14961383834553,2.27203931901609,2.40212490682589,2.54191244430518,2.69395841925052,2.86096676897565,3.04206265412863,3.23740035335578,3.44309471576052,3.65440899539755,3.86296270547685,4.06433664975021,4.25482518543232,4.42767002228646,4.5792452619863,4.70597461128228,4.81014331961245,4.88934018429712,4.94889456422371,4.99452156485905,5.03674860516578,5.08937902793412,5.15533100275787,5.25313649269139,5.39332993221339,5.5850658150087,5.82621021429621,6.11813918577319,6.44922104722001,6.80698684733189,7.17793092070749,7.54556188889886,7.90725599419819,8.25012864432964,8.56823511398107,8.85634144841483,9.10383943978136,9.31077561511938,9.46413740043232,9.55270175546281,9.56437317057957,9.48145018228531,9.3071122988891,9.0315101446826,8.65798599237957,8.19349421757753,7.65591894024855,7.05543187313868,6.41380665753402,5.75760809647066,5.10892775661051,4.49645518795079,3.92312826571574,3.40659176717754,2.9542522884461,2.5693802717169,2.25433371705223,2.00521092643602,1.82495620546428,1.70623001859686,1.64477649237057,1.63172303533349,1.66055280618425,1.72454981230642,1.80860807732697,1.90231000218275,1.99535672854248,2.08518791014822,2.1667344005034,2.24185823791763,2.31370434473124,2.38680167350523,2.46477829828936,2.54731164036713,2.63674336071302,2.73112967379409,2.82704926361857,2.92045013781606,3.00803938136706,3.08646577316277,3.15425099830273,3.2120745822925,3.26249318662928,3.30715229107673,3.35042313826524,3.39474687266354,3.43968514388667,3.4794083140089,3.51284681470324,3.52901815963976,3.51886423880175,3.47385213057074,3.39055077252407,3.27053555264609,3.11838948674831,2.94387404902256,2.75819453815376,2.57649340846201,2.40097148482993,2.2431088267204,2.10915335375696,2.00374411357635,1.9371821435881,1.9070253780628,1.92342800336,1.9922530803212,2.11861850051945,2.30481788376659,2.5486729923577,2.8468718977923,3.18713902274601,3.55697728535238,3.93697958051288,4.32112218374492,4.69510481611232,5.04845360243843,5.37646479546753,5.68156105846834,5.9662617156249,6.23491197680703,6.49937067656564,6.76783550357678,7.04730019240619,7.33509151445401,7.63020987533443,7.92334670045855,8.20248331074414,8.45016512583389,8.65647560611771,8.81328514184899,8.90969172124442,8.94223768962226,8.91123892798178,8.82357649902901,8.6801890441188,8.49379821832992,8.27346147916301,8.02841779467265,7.76487692915292,7.48462927131006,7.19181389866886,6.88594940988254,6.56404080074775,6.22241860004238,5.86387126820382,5.48439547952614,5.084442387494,4.6653931068811,4.23343732339505,3.79101441126502,3.34734898102193,2.91194176712391,2.49713954211749,2.12276745858493,1.78859423588682,1.51449131521185,1.31234227604394,1.19214281319671,1.1598945567377,1.213699621205,1.35029361251427,1.55594313349933,1.81384727934779,2.08632541385421,2.37246798474244,2.6366389368204,2.85308894350306,3.00369803709798,3.08066941221881,3.07717631395852,2.99714963188456,2.85978712195418,2.68556454724006,2.49951710113968,2.32147766253139,2.17568782155167,2.08243495199244,2.05545174678931,2.10399156611994,2.23784577783377,2.46073706173443,2.77553699111072,3.18572568384523,3.69481685028431
"3-20-12",NA,NA,NA,NA,NA,NA,NA,NA,NA,NA,NA,NA,NA,NA,NA,NA,NA,NA,NA,NA,NA,NA,NA,NA,NA,NA,NA,NA,NA,NA,NA,NA,NA,NA,NA,NA,NA,NA,NA,NA,NA,NA,NA,NA,NA,NA,NA,NA,NA,NA,NA,NA,NA,NA,NA,NA,NA,NA,NA,NA,NA,NA,NA,NA,2.42480148221514,2.33639837540728,2.24470346569987,2.15981426278959,2.08786811580901,2.03975345661248,2.01937966478365,2.02741303493892,2.05938669966823,2.114830295866,2.18524088335517,2.26492823215782,2.35011249942399,2.4395694792609,2.53372390182761,2.63559618844678,2.75021142458044,2.88398206343593,3.03992423691702,3.218646719726,3.41901477264063,3.63554380324324,3.85846460904264,4.07026058297563,4.26941260543668,4.4362770074077,4.55834337688771,4.62536131093152,4.63274600139444,4.58015090754981,4.47141560347395,4.31736544150973,4.13127264947152,3.93601488666632,3.73398431484649,3.54520169549098,3.38118650561215,3.24729548727283,3.14028335061634,3.0568921186988,2.9874717580539,2.91713814765894,2.83437761709802,2.7300579459137,2.6063557691839,2.4646871567585,2.31459370999613,2.16762259881967,2.03749704539298,1.92695435336318,1.84055312158257,1.77757957386936,1.73311723996315,1.69933220614333,1.67243190636158,1.64915826779495,1.62647763512041,1.60456672691919,1.58455451293802,1.56775677001052,1.55443780182378,1.54488083437119,1.53918538286254,1.53887414484932,1.54565175238643,1.56050497193826,1.58803747530071,1.63089183674866,1.69005379639819,1.762143809213,1.84627348111047,1.93402306169028,2.01833034122444,2.09231598992786,2.15317673219882,2.19992820687782,2.23453416365614,2.26099510533457,2.28338524232179,2.30450229373389,2.32418158904308,2.34151684424602,2.3533109539027,2.35633657039774,2.35028887074497,2.33394876340162,2.31135315204594,2.2880272254555,2.27039271839764,2.26508145192407,2.27314501560226,2.29728904332464,2.33543894449318,2.38345505455425,2.4322800788073,2.48041871233714,2.51945699462635,2.54363410880808,2.54963491647017,2.53430065625903,2.50195615032369,2.45338155989322,2.39346885744147,2.32652954079356,2.25531236993341,2.18326605017113,2.11083375405407,2.04029746107125,1.97356402940742,1.91625285139872,1.87417481660089,1.85477029221169,1.87085628018982,1.93375475674629,2.05846427328056,2.24692758640792,2.50559634623554,2.83582193202763,3.23648939764997,3.70875824187981,4.24542795369816,4.84808129611038,5.51034697206505,6.22712396315021,6.98788484454925,7.77629116757446,8.58579506321694,9.38767987927298,10.1590316069424,10.8717717771728,11.5090132675148,12.0578343552793,12.5063590441111,12.8521439288608,13.0985717239321,13.2644841965498,13.3463241604844,13.3724739352966,13.3597734442014,13.3245833448431,13.2803894091757,13.2281672353111,13.1754077152735,13.1210833828205,13.0636361705376,13.0019132597779,12.9332105105224,12.8588933266774,12.7816748276353,12.7068432542345,12.6371427489491,12.5771654984612,12.5257345403504,12.4741023030509,12.4077229794427,12.2811897827677,12.0982556680526,11.8136951366388,11.3991804734623,10.8378058879996,10.1346532555121,9.29535961429101,8.35180724546018,7.36269094502305,6.38650344567748,5.48390727832846,4.7021400004825,4.08288260124496,3.64693207938364,3.39493375216823,3.32049206433688,3.4010440974158,3.56178266713276,3.78424144815846,4.02757925838372,4.24982510576101
"3-20-15",NA,NA,NA,NA,NA,NA,NA,NA,NA,NA,NA,NA,NA,NA,NA,NA,NA,NA,NA,NA,NA,NA,NA,NA,NA,NA,NA,NA,NA,NA,NA,NA,NA,NA,NA,NA,NA,NA,NA,NA,NA,NA,NA,NA,NA,NA,NA,NA,NA,NA,NA,NA,NA,NA,NA,NA,NA,NA,NA,NA,NA,NA,NA,NA,NA,NA,NA,NA,NA,NA,NA,NA,NA,NA,2.90495647837301,3.22545692100192,3.55204607506417,3.8656140295749,4.16176355093677,4.42530223547984,4.65497597939922,4.85645798985721,5.04488298318154,5.2190034604565,5.39943172244512,5.59580614716338,5.81191379806576,6.03713414594773,6.26935315433438,6.48545632712771,6.66217412050977,6.77612119650511,6.80649634227808,6.75343682273679,6.61142654885326,6.39125058315027,6.10976594057863,5.79650466919504,5.4583327066477,5.12173633839318,4.80448012128002,4.51639087857561,4.26265358649241,4.03856651648386,3.84166650286221,3.66319601993618,3.49723680783774,3.34146499580514,3.19967368918474,3.07810596389823,2.98489318176094,2.92828200982079,2.91232724256744,2.93351608764565,2.98628741533359,3.05712132960094,3.13369154597473,3.20873520669912,3.28179832940615,3.35581466083575,3.44353846063267,3.55777345176635,3.70758405594507,3.89113283179173,4.10614404169989,4.33420538722571,4.55486734333796,4.74256056014569,4.88768588258572,4.98143351378127,5.0227526409514,5.01962176770433,4.98469807589315,4.93618473634811,4.87836522333751,4.82925590191523,4.79744204901054,4.79055335366324,4.81643635025759,4.87534750957648,4.97691184884627,5.12783840858377,5.33720614749847,5.61287024374607,5.96039925134559,6.38528870252538,6.89033231437569,7.47640203298256,8.13768078856484,8.87117644238587,9.66504947484057,10.5070520485909,11.3852687954044,12.2853044796138,13.2032553114569,14.1271635256646,15.0486890149189,15.9601673323204,16.8485953359445,17.7104460967254,18.5319539382397,19.3024903407257,20.0126088122911,20.6562582000887,21.2308622242784,21.7361849387027,22.1788819171952,22.5655376629494,22.9004425573578,23.1887057693525,23.4317735922234,23.6271213046427,23.7682036650995,23.8422249699866,23.8452187022493,23.7675069664372,23.6065052653638,23.3672764215123,23.0705545520696,22.7368612859828,22.3907367200696,22.0707259608726,21.8030234913547,21.6006102703873,21.4552578660166,21.3613935827131,21.2828713415251,21.1882737325716,21.0510193236722,20.8718654157654,20.6539986961932,20.4265667604821,20.2267058181424,20.0972919343192,20.0611413249192,20.1256983508559,20.2930947790552,20.5478495964888,20.870892016868,21.2403563656387,21.6542098610924,22.1013947626905,22.5831778768249,23.1001047194221,23.6388722964795,24.2010680190336,24.7564283315779,25.2766831662917,25.7326900143524,26.1034711086097,26.3756450029077,26.546626628027,26.6272991966132,26.6354785234781,26.5990375171389,26.5196276440849,26.4171430151534,26.293700462834,26.1399804011642,25.9146467471433,25.6153480444644,25.1961710692173,24.6193454113288,23.8566224566423,22.8959325367703,21.7298687951381,20.3696756200509,18.8513720984335,17.2159834431801,15.5123955970612,13.7805812129733,12.0667011616134,10.4082847318107,8.83044915537098,7.35013721392487,5.9829769542804,4.72913031562051,3.59157855521052,2.57036945986462,1.66203879039397
"2-11-3",NA,NA,NA,NA,NA,NA,NA,NA,NA,NA,NA,NA,NA,NA,NA,NA,NA,NA,NA,NA,NA,NA,NA,NA,NA,NA,NA,NA,NA,NA,NA,NA,NA,NA,NA,NA,NA,NA,NA,NA,NA,NA,NA,NA,NA,NA,NA,NA,NA,NA,NA,NA,NA,NA,NA,NA,NA,NA,NA,NA,NA,NA,NA,NA,NA,NA,NA,NA,NA,NA,NA,NA,NA,NA,NA,NA,NA,NA,NA,2.48475636010407,2.71163031495369,2.97786382249468,3.28517731787824,3.63206845528847,4.0140072200554,4.42288717108199,4.84958333290782,5.28091124637425,5.71447799305893,6.13822929631592,6.54350783453048,6.91963238316697,7.24459915674272,7.51867355504739,7.71709914773306,7.8222817405222,7.81895706508867,7.69374551252993,7.45258067566306,7.09681811040355,6.64511549771068,6.11899723049706,5.5574428643941,4.96868531538973,4.38659343045913,3.83928761425522,3.34655299514128,2.93056594933689,2.58823972814309,2.3309723119534,2.15408091420053,2.05159389062509,2.01178407070314,2.02647915681463,2.08850685542384,2.18026906897006,2.29121359092972,2.40738648438127,2.52501258923604,2.63593594346401,2.73273843729363,2.81099760766245,2.86510350198832,2.89756392195678,2.90388264620744,2.88817094438927,2.85331546139186,2.80408127720947,2.74882244645924,2.68902947816688,2.63721634343797,2.60206548560514,2.59400583445687,2.6213466236513,2.68878206114793,2.80425513490721,2.97181795360509,3.19577000535354,3.47481453194861,3.81006312195546,4.19796036624782,4.63629344692018,5.12480020562834,5.65999000473482,6.24219326325031,6.8669715800552,7.52927356761716,8.22006127231083,8.91742208154397,9.61697452225332,10.2891359761088,10.9090839351193,11.452679703468,11.8950245218539,12.2350647822141,12.4606620885472,12.5751200359988,12.5859193800163,12.5103948363825,12.3525463070946,12.1301307167275,11.8603413075757,11.5559276594402,11.2350500938804,10.8971859111521,10.5556236840264,10.2166389742925,9.88376695364765,9.55519298131965,9.23083456338654,8.90837233680021,8.57758234165659,8.23073695450864,7.85578561242137,7.45243337130149,7.01470191294425,6.54139405446279,6.03632107884937,5.51115495293632,4.97692859588827,4.44428215870833,3.93407644800879,3.4608862959311,3.03632494771434,2.66215373963694,2.34140708191793,2.06624485945947,1.82725130313763,1.61301274872669,1.4177749869616,1.23927560541081,1.0764035947748,0.935380665448133,0.829418515878274,0.771403885492258,0.766539696464924,0.829875826744345,0.967808704880364,1.18099826037662,1.45704813234973,1.79658151035244,2.17506864123612,2.5721030516408,2.96432493623794,3.3318026713591,3.66917118089169,3.96461266930893,4.22021172404579,4.44629236730088,4.67047661089517,4.89370607671278,5.1489987882676,5.45800719966712,5.83562810173179,6.28599677837282,6.80274836170526,7.37343974022358,7.97436631741586,8.58197110166779,9.16995099517061,9.73441073595842,10.2626697221171,10.7536034491623,11.2117225427484,11.6435203129193,12.0512795938547,12.4368170190687,12.7975126109944,13.126061039865,13.4123467241723,13.645567191444,13.8143742121125,13.9082802133694,13.9188202740032,13.8399597319036,13.6662914868558,13.3899358819936,13.0098882529574,12.5223473709849,11.9232069440251
"1-4-5",NA,NA,NA,NA,NA,NA,NA,NA,NA,NA,NA,NA,NA,NA,NA,NA,NA,NA,NA,NA,NA,NA,NA,NA,NA,NA,NA,NA,NA,NA,NA,NA,NA,NA,NA,NA,NA,NA,NA,NA,NA,NA,NA,NA,NA,NA,NA,NA,NA,NA,NA,NA,NA,NA,NA,NA,NA,NA,NA,NA,NA,NA,NA,NA,NA,NA,NA,NA,NA,NA,NA,NA,NA,NA,NA,NA,NA,NA,NA,NA,NA,NA,NA,NA,3.79656431335869,4.01505452733254,4.25464894723509,4.51167412357457,4.78510162837286,5.07060170653713,5.36385965357421,5.65909984956693,5.94391650545973,6.21753606916108,6.46552823417328,6.67669329655036,6.84100391327793,6.94865111274303,7.00032231783179,6.9931911492351,6.93322422951948,6.82851340026084,6.6957798828276,6.53830154223433,6.37127567293277,6.2073479407256,6.05439756827935,5.91727644241682,5.79383606795545,5.68341605382875,5.57820362451246,5.47104444355558,5.35354728896679,5.22452377247066,5.08191961822977,4.92567066029018,4.75906718547601,4.58719434488608,4.41290621294253,4.23864336687539,4.0669339916473,3.89801229861929,3.7304389999713,3.56335242277378,3.39583214301798,3.22627973756451,3.05385833838059,2.87694649760977,2.69685801583647,2.51377583122292,2.32870835503637,2.14357812640942,1.96186021258728,1.78910447292407,1.62649293895935,1.48242558040635,1.36317141326552,1.2759269165738,1.22580445439842,1.21629366951253,1.25035309107578,1.32816523023777,1.44780878021951,1.60287959834165,1.79245324649052,2.00728314810033,2.24181322653442,2.49244321635889,2.75933352663162,3.04303547751137,3.34743064312588,3.67661988342697,4.03285425319309,4.41252817193132,4.81352565851573,5.22584237969537,5.63815887831256,6.04005536827617,6.42332390219348,6.78843142267006,7.13592380821236,7.47375341161649,7.81093578633973,8.16092048958748,8.52234164555878,8.90145428817975,9.29825705600936,9.71000558372323,10.1346727283438,10.5670232364721,11.0065710389909,11.4501143960623,11.8949564868522,12.3391301993562,12.7718619067859,13.1876015559262,13.5734722349794,13.9192232650258,14.2113515848455,14.4461951679123,14.6200233826545,14.7243894307725,14.7499567778269,14.6679999049427,14.4669873169605,14.123512038723,13.6081990037314,12.9048121992808,12.0163596014527,10.9811453835493,9.81110645728974,8.59143532219292,7.39336258235406,6.29694699775331,5.34527397862114,4.56272369223007,3.96446670201914,3.53538401672161,3.24560257029461,3.04329055461193,2.93259376022724,2.85844887942165,2.8005730162771,2.74436444236257,2.68195694063107,2.61702219164054,2.54561946257696,2.47043502949735,2.39344865393136,2.31907507548349,2.24410995258694,2.17283695161467,2.10662176892869,2.04484367792756,1.98929380009803,1.93736841800708,1.89178976167378,1.85807009153644,1.84483279170158,1.87756711501864,1.95492264074697,2.10244677576704,2.33531518445412,2.66147692798169,3.07465365063812,3.56821329637057,4.11820292364679,4.68513631889741,5.23085579430912,5.71846992786703,6.12057048508614,6.41838685824904,6.61070155489625,6.71131381132732,6.73764844440475,6.7231553558463,6.748699549307,6.83866006039647,7.04002151684734,7.40085743823075
"1-1-5",NA,NA,NA,NA,NA,NA,NA,NA,NA,NA,NA,NA,NA,NA,NA,NA,NA,NA,NA,NA,NA,NA,NA,NA,NA,NA,NA,NA,NA,NA,NA,NA,NA,NA,NA,NA,NA,NA,NA,NA,NA,NA,NA,NA,NA,NA,NA,NA,NA,NA,NA,NA,NA,NA,NA,NA,NA,NA,NA,NA,NA,NA,NA,NA,NA,NA,NA,NA,NA,NA,NA,NA,NA,NA,NA,NA,NA,NA,NA,NA,NA,NA,NA,NA,NA,NA,NA,NA,NA,NA,NA,NA,NA,NA,NA,NA,NA,NA,NA,NA,NA,NA,NA,NA,2.73442112122598,2.94885364589365,3.15387965408037,3.34112816994119,3.51425316455637,3.67545623368911,3.83689390114153,4.01088661889706,4.21570732352823,4.44868385819014,4.71493994121217,5.01423268374021,5.34211530257631,5.69518157790592,6.06674350033383,6.45812094274543,6.86298776944392,7.27465702756381,7.67193087208778,8.03708692120733,8.35098856682374,8.57491590757897,8.6812382806507,8.64637549585567,8.47816656186094,8.1731738024979,7.76379528350269,7.28242169352475,6.76612245175591,6.24294317369971,5.71932536288813,5.21370497052411,4.72688323261109,4.26086623604224,3.81832062265928,3.40471779969011,3.03396651032423,2.72213050647737,2.48474391262739,2.32042696719442,2.23957014863115,2.22152131705943,2.2441647898606,2.27912812818004,2.29317564325562,2.28236129852465,2.22307817073223,2.11128714467937,1.95164305805002,1.76639543182154,1.55845561703953,1.35570642920906,1.18268100571742,1.05962365525082,1.0113482574947,1.03181298813169,1.13279815908819,1.30929929240289,1.55114251706909,1.82952540801006,2.14385922105072,2.46840573101094,2.77821614087862,3.0552320466844,3.27881929672073,3.45347546297461,3.57025159246482,3.64039043378572,3.6804811350652,3.72959862171912,3.80316795110807,3.93138916414654,4.15503522805383,4.49933863788169,4.98361747435482,5.59658003430257,6.33862211255887,7.1764138071387,8.07695648550209,8.99786699920745,9.91313359541578,10.8062465753639,11.6507969154215,12.43925641439,13.169773987085,13.8483570263412,14.4712745209499,15.0479086136253,15.5806209216052,16.0713283326406,16.5189412366634,16.916335236017,17.2637608043543,17.5571535979981,17.7936290044359,17.9685065031153,18.0826530203887,18.1324149523601,18.1150614398269,18.023499590664,17.8436721066281,17.5770458184581,17.2051209494067,16.7151033439964,16.0934089300861,15.3321072229677,14.4364324162268,13.4113265521329,12.2747907162458,11.0514495408775,9.7915578778667,8.50175770950366,7.23587215855672,6.03744238029385,4.94408529475694,4.00710969153432,3.22069710861356,2.61602735201388,2.1915611996111,1.93786906530582,1.82667937431348,1.84446642649824,1.9545670517333,2.10895458208239,2.26968442998568,2.40243597590795,2.48307975233971,2.49418519895791,2.43337922860903,2.3096043722511,2.13297241261055,1.92518065734583,1.75378960596548,1.6286634485821,1.58197036961239,1.64630110687368
"2-8-5",NA,NA,NA,NA,NA,NA,NA,NA,NA,NA,NA,NA,NA,NA,NA,NA,NA,NA,NA,NA,NA,NA,NA,NA,NA,NA,NA,NA,NA,NA,NA,NA,NA,NA,NA,NA,NA,NA,NA,NA,NA,NA,NA,NA,NA,NA,NA,NA,NA,NA,NA,NA,NA,NA,NA,NA,NA,NA,NA,NA,NA,NA,NA,NA,NA,NA,NA,NA,NA,NA,NA,NA,NA,NA,NA,NA,NA,NA,NA,NA,NA,NA,NA,NA,NA,NA,NA,NA,NA,NA,NA,NA,NA,NA,NA,NA,NA,NA,NA,NA,NA,NA,NA,NA,NA,NA,NA,NA,NA,NA,NA,NA,NA,NA,NA,NA,NA,NA,NA,1.86486579741118,2.23861478049229,2.63339722353438,3.0476945062056,3.47740277687873,3.91966857372605,4.3685721129049,4.81797676669763,5.25941748690274,5.68606822334247,6.09289645946081,6.47120395616543,6.81589499518307,7.12410020290567,7.39740311549202,7.63410960959852,7.84083660206174,8.02222884192989,8.18335768715417,8.32532482367668,8.44687925689149,8.54603907551977,8.61795601889026,8.65619351793502,8.65270673375364,8.60871145611659,8.51740930790112,8.37570066929216,8.17857820381465,7.9184437146044,7.59721227047465,7.2072537457378,6.74671590739686,6.21719433151904,5.63338478692844,5.00016334232763,4.34246312537614,3.68748966803609,3.06154639775461,2.5004871193823,2.00450773436856,1.59684165659643,1.28318608666014,1.06395914492075,0.936495505409015,0.892401866264464,0.926596760910388,1.02553414451588,1.1795061403151,1.3737668737987,1.60306105244526,1.85565763742151,2.11597224077693,2.37161116882046,2.60254659853993,2.80596158814158,2.96703637139445,3.07695029307798,3.1297748801531,3.12342144076855,3.06418407984601,2.95177591767083,2.80370536634448,2.63495707748543,2.46844679709559,2.31726005565828,2.1935950342667,2.11517076483606,2.08912036907345,2.11585894824179,2.18384650746296,2.29140723268023,2.41484260421071,2.53697843239268,2.64051639625438,2.71851314741952,2.77019708009676,2.79667494531508,2.80597165010966,2.80685538044873,2.80870833021225,2.81015245805253,2.81566164480896,2.82326615480205,2.83134751503653,2.8438457925529,2.85993212123868,2.89049787639111,2.94634711014193,3.03925162859663,3.17881768306202,3.36681482031814,3.60498892855094,3.8881674884824,4.2088231409446,4.55545509798867,4.9246621946792,5.30674175951629,5.6953783451698,6.08667092845463,6.4760976214575,6.86352675051856,7.24498578257781,7.61749992374339,7.97793008133614,8.32361125834012,8.6506098127494,8.95618415807136,9.23893961307836,9.49749231544418,9.73139019851568,9.94022244677814,10.1250010863474,10.2873946321449,10.4292715341723,10.5518495040172,10.6583041765764,10.7536249375665,10.8387700673189,10.9165153927045,10.9898898315974
"3-20-17",NA,NA,NA,NA,NA,NA,NA,NA,NA,NA,NA,NA,NA,NA,NA,NA,NA,NA,NA,NA,NA,NA,NA,NA,NA,NA,NA,NA,NA,NA,NA,NA,NA,NA,NA,NA,NA,NA,NA,NA,NA,NA,NA,NA,NA,NA,NA,NA,NA,NA,NA,NA,NA,NA,NA,NA,NA,NA,NA,NA,NA,NA,NA,NA,NA,NA,NA,NA,NA,NA,NA,NA,NA,NA,NA,NA,NA,NA,NA,NA,NA,NA,NA,NA,NA,NA,NA,NA,NA,NA,NA,NA,NA,NA,NA,NA,NA,NA,NA,NA,NA,NA,NA,NA,NA,NA,NA,NA,NA,NA,NA,NA,NA,NA,NA,NA,NA,NA,NA,2.59324368418384,2.82720987721166,3.04741552115459,3.24952353559215,3.43574196437014,3.60396381933398,3.76216471145081,3.91873659023622,4.08858639458317,4.28218915342398,4.50667057805888,4.77675155424607,5.09806276949197,5.46952322613277,5.87788018034085,6.32026293541702,6.770276334145,7.20769382998371,7.61504792213817,7.98433036374213,8.31018702769168,8.5985587907782,8.8613279596778,9.1146488632113,9.37074050233137,9.63209883096953,9.90194761466566,10.1704091842108,10.4165293291691,10.6005700936676,10.71892670093,10.7282171151053,10.602434888041,10.3237808440694,9.89330721646205,9.31806841100346,8.62269005579945,7.84682557084727,7.03203092873536,6.24005042026582,5.47342708494606,4.77687492992271,4.16998917004961,3.66018012024366,3.24269267678896,2.91159916518037,2.65641669282373,2.45442009419711,2.28859587461074,2.1370568215428,1.99823118893041,1.86102151986706,1.72028568379004,1.57884866327497,1.44998484011675,1.33891344819174,1.25562276537116,1.21660995035694,1.23081757451741,1.30270591684392,1.42531949260815,1.59439910924524,1.79133314337563,1.99745785290027,2.18787742056028,2.35146555062282,2.47791440719708,2.55605908502655,2.5840471088979,2.56318261838378,2.50324090752294,2.40360880761023,2.27834427817462,2.13622483344131,1.98875436625353,1.84644761458918,1.71017920986799,1.5938598596357,1.50470675430605,1.45066296036907,1.43294090437385,1.45776701832447,1.52177783069392,1.62064045996468,1.7450346705161,1.87652042342351,2.01409513262239,2.13443067605319,2.22343396199971,2.27043789946071,2.27468136682365,2.23624071071545,2.16564559746793,2.0782376814786,1.99017989140634,1.92127137280761,1.87066706441393,1.8494691696257,1.85800926224401,1.89263589580709,1.94526868618334,2.01370383948755,2.09141842125828,2.17237474788911,2.25271204658465,2.32820201089134,2.39618432449239,2.45189293076545,2.4906061767812,2.50868030938627,2.50423302982328,2.47609343808554,2.42740553974503,2.36527419495465,2.29909303977076,2.23801191715044,2.19619963850346,2.19991103142859,2.25851739468702,2.38814724896854,2.6051013492868
"1-5-6",NA,NA,NA,NA,NA,NA,NA,NA,NA,NA,NA,NA,NA,NA,NA,NA,NA,NA,NA,NA,NA,NA,NA,NA,NA,NA,NA,NA,NA,NA,NA,NA,NA,NA,NA,NA,NA,NA,NA,NA,NA,NA,NA,NA,NA,NA,NA,NA,NA,NA,NA,NA,NA,NA,NA,NA,NA,NA,NA,NA,NA,NA,NA,NA,NA,NA,NA,NA,NA,NA,NA,NA,NA,NA,NA,NA,NA,NA,NA,NA,NA,NA,NA,NA,NA,NA,NA,NA,NA,NA,NA,NA,NA,NA,NA,NA,NA,NA,NA,NA,NA,NA,NA,NA,NA,NA,NA,NA,NA,NA,NA,NA,NA,NA,NA,NA,NA,NA,NA,NA,NA,NA,NA,NA,1.9249706655408,1.99450654431807,2.09958538432487,2.23742898689715,2.4013241956886,2.58957314503958,2.79085237643883,2.99692667838382,3.19806057840413,3.38802270083855,3.5635517221328,3.71920665496305,3.85373932149007,3.96767885451924,4.06609015927589,4.1473523903116,4.21940580247503,4.28661490455473,4.35303158857966,4.42150820619037,4.4917496159946,4.56460461017581,4.6386609318942,4.71167565981896,4.78045290950227,4.84642839035885,4.90728800928899,4.96283293357458,5.01327987246208,5.05971989137149,5.10273102628033,5.14384336988056,5.18557168592802,5.23133607300332,5.29013325623667,5.3619658261899,5.4563445358194,5.58007240798815,5.73799898593852,5.93635539118686,6.16827506441638,6.4335834269583,6.72439991344677,7.0333978563308,7.3517258723217,7.67485965666722,7.99803726434618,8.31315461161573,8.61257786422433,8.87743372319833,9.10094768289164,9.26492774227526,9.3487836584185,9.33763358623776,9.22117992567211,9.00789480221076,8.69964284475267,8.32188132262018,7.89795485800897,7.45459132796231,7.00602044596646,6.56103919978442,6.12916451540182,5.71027822140455,5.30453446321569,4.91114069117114,4.53470138265378,4.1812261487486,3.85996841457582,3.58110988446978,3.34663071084735,3.16345916828227,3.02447725653845,2.92178998260747,2.84368753339496,2.77723777966034,2.71910640633022,2.65811377639463,2.59112985016861,2.51845149410438,2.44633783164651,2.37576980569612,2.31603546869806,2.27377548995562,2.25334261744072,2.25470408589101,2.27873577657993,2.32057219634384,2.37387301866043,2.43170157526812,2.48931204315127,2.54548543941071,2.60082288648665,2.6624558797942,2.74125064955445,2.86277929405347,3.02691144138917,3.25676470882566,3.5651484193602,3.9578765253955,4.42924780208998,4.97357937330598,5.5720979222844,6.19446790864832,6.81196005472912,7.3969370982247,7.92920121526305,8.39454383593938,8.79156632249351,9.12990569203343,9.42163814249956,9.69060013711523,9.99547338772017,10.3533251621689,10.798247138386,11.3657200223685
"1-3-5",NA,NA,NA,NA,NA,NA,NA,NA,NA,NA,NA,NA,NA,NA,NA,NA,NA,NA,NA,NA,NA,NA,NA,NA,NA,NA,NA,NA,NA,NA,NA,NA,NA,NA,NA,NA,NA,NA,NA,NA,NA,NA,NA,NA,NA,NA,NA,NA,NA,NA,NA,NA,NA,NA,NA,NA,NA,NA,NA,NA,NA,NA,NA,NA,NA,NA,NA,NA,NA,NA,NA,NA,NA,NA,NA,NA,NA,NA,NA,NA,NA,NA,NA,NA,NA,NA,NA,NA,NA,NA,NA,NA,NA,NA,NA,NA,NA,NA,NA,NA,NA,NA,NA,NA,NA,NA,NA,NA,NA,NA,NA,NA,NA,NA,NA,NA,NA,NA,NA,NA,NA,NA,NA,NA,NA,NA,NA,NA,NA,1.18930428897527,1.31731447054075,1.47721281882884,1.67212751851615,1.89968875540654,2.15983892603825,2.44229382812738,2.7375940860032,3.03631597734118,3.33446966903078,3.62888541889791,3.92256507656156,4.22261766259594,4.54115086929163,4.89186396639966,5.27524574053158,5.70307446884652,6.17741513358873,6.69567302579311,7.2425381841016,7.81474425481765,8.38904422472785,8.94372030604887,9.45662480961749,9.8999541600769,10.2724357399688,10.5543555899611,10.7399444304453,10.8286469395882,10.828538471331,10.7432298482265,10.585701122413,10.3725883845355,10.1170616880767,9.83365390612968,9.52462884146928,9.19825124558656,8.8570051546488,8.50025358951396,8.12301846178481,7.72723037570821,7.31133412854284,6.87436274381923,6.41894148076402,5.9520001482908,5.47953436286282,5.00931084325281,4.55327455905735,4.12227939159587,3.73194080455351,3.38563040625167,3.09207137203431,2.85649957634538,2.68022271633904,2.56068907379604,2.48995893259701,2.46651715145576,2.47444946488412,2.50182803728218,2.53276186496472,2.5580998079243,2.57133729348638,2.56243795591346,2.5281122959484,2.46911661229625,2.39354341666063,2.29921260685394,2.20136436214478,2.11015057012199,2.03683776672805,1.98887034374256,1.96849405917734,1.97888862413961,2.01670029557917,2.07405562724018,2.13572840581332,2.20021622728589,2.24930230296855,2.27283901670984,2.26372326512383,2.22189436165621,2.15146075025994,2.06076381529218,1.96161425446198,1.86435610960097,1.77702059152192,1.70113974128762,1.63799035738896,1.58623595201597,1.5451238001872,1.52734661858962,1.53187433214123,1.57877444159777,1.68897625516278,1.88241831497735,2.17316744227438,2.57321951291585,3.08574590467921,3.69929382239705,4.39765169278435,5.15762451699413,5.95861439261955,6.77306781109892,7.57432857922194,8.34033099123169,9.05467663489483,9.69668283736831,10.2414290550222,10.6816886752665,11.0040396855125,11.1965424458051
"3-19-6",NA,NA,NA,NA,NA,NA,NA,NA,NA,NA,NA,NA,NA,NA,NA,NA,NA,NA,NA,NA,NA,NA,NA,NA,NA,NA,NA,NA,NA,NA,NA,NA,NA,NA,NA,NA,NA,NA,NA,NA,NA,NA,NA,NA,NA,NA,NA,NA,NA,NA,NA,NA,NA,NA,NA,NA,NA,NA,NA,NA,NA,NA,NA,NA,NA,NA,NA,NA,NA,NA,NA,NA,NA,NA,NA,NA,NA,NA,NA,NA,NA,NA,NA,NA,NA,NA,NA,NA,NA,NA,NA,NA,NA,NA,NA,NA,NA,NA,NA,NA,NA,NA,NA,NA,NA,NA,NA,NA,NA,NA,NA,NA,NA,NA,NA,NA,NA,NA,NA,NA,NA,NA,NA,NA,NA,NA,NA,NA,NA,1.48409072246047,1.48325471733226,1.47429790240288,1.46370319491502,1.45764448070342,1.45832124125254,1.47045390716082,1.49500172788446,1.53145406741914,1.57842587573124,1.63539081603029,1.70086174601525,1.77503204706808,1.86023471420283,1.9612053353248,2.07931180360403,2.22101422591273,2.39093416891111,2.59317409231708,2.82826969809701,3.09404556218376,3.38621665145297,3.69752546496854,4.01988308729911,4.34135287907639,4.66013376799897,4.96574112012155,5.25071543882039,5.50830288318069,5.72667718399971,5.90561612654203,6.03434187927167,6.10712148825314,6.12008002401953,6.07312543463759,5.96950402963737,5.81444330252569,5.61967498009095,5.39531244170644,5.15084643414595,4.89068965512662,4.61901500447095,4.33667626569226,4.04218206048131,3.7332453811319,3.41160631712126,3.07867116272266,2.73997510669319,2.40364433259058,2.08448143316279,1.78960578491485,1.52973453306444,1.31652320141506,1.15724914684849,1.05761927450372,1.01330959514705,1.02565921108833,1.08413058781127,1.17892274588251,1.2962445970333,1.42511977516213,1.56108258209464,1.69053673566568,1.80717548310672,1.9058407183478,1.98722058428326,2.04745202089512,2.09073469400446,2.12056263905232,2.14251779299565,2.16441541282117,2.18558566774213,2.21524908379097,2.25656718769387,2.31062396886985,2.37291905743372,2.44295451629738,2.51181699695628,2.57180478652663,2.61564505405806,2.63762248693153,2.63853064162184,2.61750487896943,2.57777638322257,2.52305482653962,2.45599811913626,2.37870314009615,2.29142450197871,2.19357908598308,2.08406684743568,1.9654862308282,1.8375063216657,1.70596011141611,1.57927555554222,1.46666094740261,1.37772485644612,1.32110982248138,1.30528325242001,1.33468039136023,1.41087296444431,1.53113907461747,1.69167313036927,1.88215288893633,2.08774891787906,2.29197023354546,2.48048801512158,2.63181032433336,2.70852778556523,2.69914983053034,2.58199521503019,2.3354403637932
"3-20-18",NA,NA,NA,NA,NA,NA,NA,NA,NA,NA,NA,NA,NA,NA,NA,NA,NA,NA,NA,NA,NA,NA,NA,NA,NA,NA,NA,NA,NA,NA,NA,NA,NA,NA,NA,NA,NA,NA,NA,NA,NA,NA,NA,NA,NA,NA,NA,NA,NA,NA,NA,NA,NA,NA,NA,NA,NA,NA,NA,NA,NA,NA,NA,NA,NA,NA,NA,NA,NA,NA,NA,NA,NA,NA,NA,NA,NA,NA,NA,NA,NA,NA,NA,NA,NA,NA,NA,NA,NA,NA,NA,NA,NA,NA,NA,NA,NA,NA,NA,NA,NA,NA,NA,NA,NA,NA,NA,NA,NA,NA,NA,NA,NA,NA,NA,NA,NA,NA,NA,NA,NA,NA,NA,NA,NA,NA,NA,NA,NA,1.60610447674031,1.90625609213881,2.2065155223969,2.51539564845602,2.84157179278481,3.18847035221981,3.56203718066145,3.96296242976353,4.39032710295118,4.84099456168372,5.31134027029505,5.79874828334411,6.3018304016983,6.82265213130261,7.36387346083168,7.92607746268591,8.51279849859904,9.12476399482292,9.75988540576916,10.4055517764708,11.0571951966917,11.6942369857824,12.2961001596459,12.8416325308363,13.3048357770552,13.6835856740734,13.9602375335698,14.1291722516221,14.1883883411781,14.1360295642932,13.9784668516374,13.717437209725,13.3608325650775,12.9149277150337,12.3898738183901,11.7913437603486,11.1306997619622,10.42373143683,9.68483504203777,8.93355466824149,8.17942708124409,7.43942093636538,6.72682001458694,6.05096587842552,5.41675148776917,4.8255146944295,4.27877643174115,3.77131120089436,3.30130275920632,2.87377659025745,2.49308150284699,2.16816853875189,1.91433103870581,1.74651021006834,1.68132055396938,1.71947348745455,1.86662294340809,2.11370657842286,2.44710728694359,2.84227338851795,3.27823858651575,3.74400106716502,4.21038094309846,4.66150127196974,5.08422966865147,5.48201646923498,5.84842829905185,6.19763667518398,6.54414089371404,6.91053704716648,7.32334072227854,7.78164530762632,8.31472849976663,8.93334323467306,9.64422514877245,10.4352552491437,11.3061356606867,12.2303620998001,13.1811033686836,14.1267258867953,15.0223838994411,15.8655702980682,16.6155173642876,17.2505660775733,17.7542287290891,18.1126578101852,18.3323343755332,18.4119190540747,18.3652720130442,18.207735104956,17.9728336332375,17.6642125476325,17.3159009270629,16.9612086045517,16.6287274899367,16.3461192405841,16.1374236953688,16.0281262177576,16.032855264913,16.1604024837951,16.4087553140031,16.7737833210321,17.2329248549467,17.7502263787459,18.2845558735666,18.7994708804347,19.2389561351263,19.5012884952205,19.5560634562961,19.3449011662256,18.8095576814509
"2-11-4",NA,NA,NA,NA,NA,NA,NA,NA,NA,NA,NA,NA,NA,NA,NA,NA,NA,NA,NA,NA,NA,NA,NA,NA,NA,NA,NA,NA,NA,NA,NA,NA,NA,NA,NA,NA,NA,NA,NA,NA,NA,NA,NA,NA,NA,NA,NA,NA,NA,NA,NA,NA,NA,NA,NA,NA,NA,NA,NA,NA,NA,NA,NA,NA,NA,NA,NA,NA,NA,NA,NA,NA,NA,NA,NA,NA,NA,NA,NA,NA,NA,NA,NA,NA,NA,NA,NA,NA,NA,NA,NA,NA,NA,NA,NA,NA,NA,NA,NA,NA,NA,NA,NA,NA,NA,NA,NA,NA,NA,NA,NA,NA,NA,NA,NA,NA,NA,NA,NA,NA,NA,NA,NA,NA,NA,NA,NA,NA,NA,NA,NA,NA,NA,NA,3.0416143303544,3.1924139691637,3.36176773324827,3.55424524294216,3.77411902459617,4.02156361134485,4.30367119608989,4.62488455174979,4.99057673002503,5.39832445244763,5.84828746895574,6.33183386408554,6.8381459257788,7.35242787807054,7.84882588378172,8.32505975325707,8.75299030088627,9.11268971216892,9.38473417420969,9.54627871116239,9.59796748007734,9.52550952802641,9.32936225582598,9.01503402252024,8.60300746009925,8.10070621463581,7.5357574848115,6.93885168980801,6.3353020758608,5.75436932462293,5.19830490053936,4.68317365833219,4.21107849062348,3.78007710232688,3.38506678514838,3.02423090173895,2.69709739194561,2.39996661395644,2.13414676876543,1.90257342623946,1.70557091301551,1.54499159561551,1.4194637198064,1.32808030511499,1.26902511191887,1.24124150373862,1.24376445981705,1.2741898622625,1.32955328590904,1.40120798101838,1.48529535914666,1.57505079588445,1.66005891886279,1.73391361215569,1.79477830890112,1.85054977604228,1.90160732714601,1.9679595872785,2.06689411995641,2.22053981261276,2.44126881669357,2.73463027868919,3.10786448744296,3.55800987526498,4.07613397814899,4.6413134298387,5.25406727154663,5.88602629370147,6.51920767816429,7.13407333081174,7.71301407628711,8.25135036612604,8.73590931152914,9.16400822615712,9.538354613811,9.87500698101133,10.1727746035096,10.4544461872684,10.7367717159607,11.0324627851494,11.3484594493297,11.6816525713669,12.0276119379072,12.3732452714435,12.7048887899316,13.0079217888657,13.280482353902,13.5173496747957,13.7204647631361,13.8954328668281,14.0488070963251,14.1842390065706,14.3047279255182,14.4091081897246,14.4930195251516,14.5498755905679,14.5727725807238,14.554223372633,14.4874342186033,14.3673207124597,14.1907409369293,13.9548838972074,13.6552739424564,13.2925476489568,12.8651218720854,12.3709705847594
"2-12-4",NA,NA,NA,NA,NA,NA,NA,NA,NA,NA,NA,NA,NA,NA,NA,NA,NA,NA,NA,NA,NA,NA,NA,NA,NA,NA,NA,NA,NA,NA,NA,NA,NA,NA,NA,NA,NA,NA,NA,NA,NA,NA,NA,NA,NA,NA,NA,NA,NA,NA,NA,NA,NA,NA,NA,NA,NA,NA,NA,NA,NA,NA,NA,NA,NA,NA,NA,NA,NA,NA,NA,NA,NA,NA,NA,NA,NA,NA,NA,NA,NA,NA,NA,NA,NA,NA,NA,NA,NA,NA,NA,NA,NA,NA,NA,NA,NA,NA,NA,NA,NA,NA,NA,NA,NA,NA,NA,NA,NA,NA,NA,NA,NA,NA,NA,NA,NA,NA,NA,NA,NA,NA,NA,NA,NA,NA,NA,NA,NA,NA,NA,NA,NA,NA,NA,NA,NA,NA,NA,1.71878996085207,1.68114159111479,1.61425244969834,1.52422806046762,1.42626666179458,1.31686598350979,1.21753296267848,1.14278460967927,1.10884584375533,1.13218673461847,1.21583039333668,1.37041761238766,1.59704366635767,1.89278519328463,2.24437374850723,2.64936966010383,3.08956210769161,3.54766868892339,4.0089476726501,4.4580769158481,4.89209971000446,5.30228919402802,5.68767540228171,6.05034242219695,6.4002965188115,6.73381231273951,7.05795296106438,7.37607928624168,7.68695589521757,7.97832852285476,8.2461744736285,8.47644415180551,8.64875273736821,8.74436700531735,8.73512742619496,8.62123912928587,8.38729550169457,8.03252065165363,7.56437126002641,7.00704120987083,6.38370917593477,5.7155555644357,5.0493148362768,4.41865964748748,3.85798102822134,3.37497006754534,2.98315059923678,2.67770103423042,2.44609693279297,2.26817976366572,2.12398462090712,2.00980855946215,1.90380965958341,1.80095171798339,1.7026590779372,1.61684545919461,1.54716755261827,1.50636119709971,1.50276894508678,1.54027213739347,1.61419180057479,1.72171036224279,1.84824198194836,1.97847405982497,2.09604450259368,2.19066024791149,2.25970926318449,2.30260569611923,2.32771896726648,2.34836066646943,2.38626686897426,2.44360901207352,2.54041910176116,2.68657133445247,2.88694141478969,3.13984676854646,3.44148225931764,3.78351865429423,4.15416741070843,4.54312286631733,4.93922251761487,5.34286116824206,5.74936891466864,6.15912291876132,6.57442878707838,6.99769955716446,7.42868591973939,7.86625716151063,8.30732218579384,8.74697195195578,9.1801323550725,9.60230608735126,10.0110345862029,10.4066613862912,10.7919959774312,11.1707094217086,11.5498851657826,11.9431849160871,12.357068070978,12.8015382652896,13.2876162422486
"1-3-6",NA,NA,NA,NA,NA,NA,NA,NA,NA,NA,NA,NA,NA,NA,NA,NA,NA,NA,NA,NA,NA,NA,NA,NA,NA,NA,NA,NA,NA,NA,NA,NA,NA,NA,NA,NA,NA,NA,NA,NA,NA,NA,NA,NA,NA,NA,NA,NA,NA,NA,NA,NA,NA,NA,NA,NA,NA,NA,NA,NA,NA,NA,NA,NA,NA,NA,NA,NA,NA,NA,NA,NA,NA,NA,NA,NA,NA,NA,NA,NA,NA,NA,NA,NA,NA,NA,NA,NA,NA,NA,NA,NA,NA,NA,NA,NA,NA,NA,NA,NA,NA,NA,NA,NA,NA,NA,NA,NA,NA,NA,NA,NA,NA,NA,NA,NA,NA,NA,NA,NA,NA,NA,NA,NA,NA,NA,NA,NA,NA,NA,NA,NA,NA,NA,NA,NA,NA,NA,NA,NA,NA,NA,NA,NA,NA,NA,NA,NA,NA,2.34734281557513,2.26122625557454,2.16151624952898,2.06141360073771,1.97613313569028,1.90647690330617,1.86143358574471,1.84327740632131,1.85253665956268,1.89286246571911,1.96381365512369,2.07167664431864,2.22187051782427,2.41991556789245,2.67562072443803,2.98133211720832,3.33946711418986,3.74335182692395,4.18673207024751,4.66395268986122,5.16760837539906,5.69456281612615,6.23487177784704,6.77747997113776,7.29275476485139,7.76891125153404,8.17755861931066,8.48233431391942,8.65586546518086,8.67316672727728,8.54316465115246,8.26164625030593,7.85921876721847,7.36727489203042,6.82744458911705,6.26689644599408,5.70169124663598,5.16129060456199,4.6573550412402,4.20377558520394,3.80170995383353,3.46080550771185,3.18722401002534,2.98735016721381,2.86509918137405,2.80952421118325,2.82927118946549,2.89773469914636,2.99452869441282,3.09123120048104,3.16035349654174,3.19355257191899,3.16540677978004,3.0674297417539,2.89913528737996,2.68134171075416,2.41351006481658,2.13059032897824,1.8601587966373,1.62812477599959,1.45682677017535,1.34844755098752,1.31170226418377,1.34114316818706,1.42701265416441,1.5568832583921,1.7269770546292,1.92969278374065,2.16453639653838,2.43738635269871,2.76641634389763,3.15164915065497,3.60955813058478,4.14683341127686,4.76363543505515,5.44839734530565,6.18902648431724,6.96008987397897,7.7264784276101,8.45549208778303,9.11783119419919,9.69248997131171,10.1685873887523,10.5514417100085,10.8590829149697,11.1110643819357,11.3436121925478,11.6386088180571,12.0197493405731,12.5343645545513,13.2312959691919
"1-7-7",NA,NA,NA,NA,NA,NA,NA,NA,NA,NA,NA,NA,NA,NA,NA,NA,NA,NA,NA,NA,NA,NA,NA,NA,NA,NA,NA,NA,NA,NA,NA,NA,NA,NA,NA,NA,NA,NA,NA,NA,NA,NA,NA,NA,NA,NA,NA,NA,NA,NA,NA,NA,NA,NA,NA,NA,NA,NA,NA,NA,NA,NA,NA,NA,NA,NA,NA,NA,NA,NA,NA,NA,NA,NA,NA,NA,NA,NA,NA,NA,NA,NA,NA,NA,NA,NA,NA,NA,NA,NA,NA,NA,NA,NA,NA,NA,NA,NA,NA,NA,NA,NA,NA,NA,NA,NA,NA,NA,NA,NA,NA,NA,NA,NA,NA,NA,NA,NA,NA,NA,NA,NA,NA,NA,NA,NA,NA,NA,NA,NA,NA,NA,NA,NA,NA,NA,NA,NA,NA,NA,NA,NA,NA,NA,NA,NA,NA,NA,NA,1.43973786005782,1.60139904402807,1.75380753413763,1.90293143715882,2.05717895356563,2.21733810050825,2.38977387303862,2.57705189756772,2.77951151343311,2.99627418704675,3.22556500216581,3.46579858032847,3.71541087580932,3.97441428526308,4.25342923985837,4.54574064844638,4.86140631726879,5.20664345665732,5.58667698578663,6.00456041974966,6.4538917623499,6.93151566172224,7.41827671727545,7.89184265231174,8.30637302180878,8.64791921228359,8.88111292118047,8.96950257856036,8.89141532777171,8.63455012245399,8.21849730080907,7.64868134757685,6.97221184187518,6.23122229874504,5.47787407013017,4.74067636158482,4.03932228916583,3.40183308611283,2.8363912062644,2.35056393355261,1.93961956237277,1.61321562975965,1.36877745896256,1.20937596185937,1.13614346174512,1.13859342275148,1.22375026182377,1.36726680433937,1.55163417408319,1.75356884613404,1.95260010981033,2.14102462791854,2.30173240430081,2.42968553419712,2.52564837277689,2.60516217119707,2.66634310927779,2.73310337290471,2.82310958498161,2.95365005007124,3.14200167274504,3.38650861203917,3.69635611972374,4.06931271131258,4.49969990157313,4.97672190930929,5.49511754228816,6.04297158798055,6.60929259127233,7.1862145850787,7.76313545121601,8.34006459531181,8.90879290578957,9.46241833791183,9.99336239687121,10.4923941298515,10.947991254236,11.3468415446655,11.6768483254554,11.9275654110356,12.0937758598796,12.1730828398381,12.1741158455794,12.1155658016268,12.0222126880819,11.9173832526753,11.8384541983889,11.8531524437884,11.9847041263265,12.2742369356239,12.7633450553579
"1-2-2",NA,NA,NA,NA,4.63280462173144,4.41570926157773,4.15974885250722,3.89392522642541,3.63703339098999,3.40726782009364,3.21576937835797,3.06426706236512,2.94738045812588,2.85570583865747,2.77733701835372,2.69927944513227,2.61304637624658,2.51566487873499,2.40561815602256,2.286315049867,2.16411258832938,2.04833807027608,1.94158176859815,1.85228045541615,1.78418987661902,1.73947535472631,1.71884314833421,1.72133310568427,1.74661122198435,1.79390775078852,1.86327785670329,1.95636204495022,2.07303925966961,2.21543908014953,2.38526507233412,2.58423451394848,2.81345137555801,3.07112274651502,3.3556092766401,3.66198126811713,3.98411692278397,4.31039826663393,4.63790571126767,4.95539589973456,5.25392785557345,5.52713197969218,5.77077110699725,5.98549796744749,6.1714233185358,6.33375054895447,6.47709390128456,6.60374418531532,6.71631655596842,6.81398678639098,6.8943640488161,6.95317056468235,6.987144942632,6.99440290820754,6.97360059624899,6.93010502688494,6.87220036086266,6.81891423787538,6.77837993430303,6.76492348181336,6.79357430198648,6.87043237951957,6.98851267998766,7.12957112210984,7.28474452580265,7.41312082481498,7.48243144878871,7.45812558575017,7.33069485332807,7.09128653155176,6.74756084314664,6.31886428382254,5.8348166796146,5.33196467067076,4.81544908300011,4.32406478921405,3.87432523675548,3.47799575988458,3.13488096860445,2.84903321579624,2.61224281009619,2.41602572283157,2.25019994201865,2.10078977644006,1.97105808314237,1.84857039259496,1.73098978670912,1.62040819315194,1.52776874259387,1.45299952028539,1.41024986840613,1.41063835609975,1.46252568865356,1.57014105700172,1.73063051963159,1.93922723212374,2.18350834268609,2.4495663921936,2.71542657555047,2.97960114014878,3.22669164983066,3.44945253686364,3.64572319398329,3.81812618097281,3.97130445238562,4.11012394516331,4.24563831648639,4.38617956826873,4.54346658608251,4.71754214963973,4.91350741630761,5.13450874867627,5.3805563566354,5.65193626078153,5.94428065654657,6.25825730674934,6.58830152203748,6.93000369509126,7.2751244169016,7.6160828332503,7.94718627312911,8.25464600198201,8.52837513381608,8.75772584838274,8.9393260402033,9.06802283246098,9.14473045504055,9.17240843703892,9.15573024229203,9.1019790350727,9.0124233750275,8.89503357795744,8.75261976437455,8.58626574934716,8.39579531598634,8.17947467094984,7.93686696817721,7.66859988694752,7.37896495448534,7.07752066153257,6.7689942771839,6.46783964940297,6.18475513141444,5.92669053910954,5.68959807873174,5.47497574873237,5.26801462479082,5.05336085609841,4.81649893214429,4.54712510697933,4.24777952333834,3.92113215831967,3.58102597452127,3.24434792305615,2.936954387053,2.66032824562374,2.4320125784365,2.2593024858444,2.14457552499867,2.09271775077784,2.09515482951828,2.15389485502599,2.26439402585943,2.42307943098151,2.62065119518875,2.85287318745592,3.11032531058262,3.37465058546011,3.62888613156704,3.84302582369819,4.0112744864407,4.11172209152713,4.1289659298113,4.05548127149377,3.89402273562787,3.65887259415995,3.35768996855206,3.025595353445,2.69120247716581,2.38920933967701,2.13398094531679,1.93956709664771,1.81640579942894,1.7621991523169,1.76650809753759,1.81273403600699,1.89820868282725,1.99929528597073,2.10453092695996,2.20451942364449,2.29891491712432,2.3892835809815,2.48009479631081,2.57859188376216,2.69139470262193,2.8249436334968,2.97632957089599,3.1482223393177,3.33834699445345,3.54575668011088,3.77455150362072,4.02415039482276,4.30431862520487,4.62427083498089,4.99384401314974,5.41979594179285,5.90127643516314,6.43680974465763,7.01780978492725,7.63323160073327,8.26631047841779,8.91126474147045,9.55266291825978,10.1788988824144,10.7811561047977,11.3478640577385,11.8782418401636,12.3631048370673,12.7969376348884,13.1744344223546,13.4920103195055,13.7431864016951,13.9243910202776,14.0347482594136,14.0732940135424,14.0412784008897,13.9398043083145,13.7740603063327,13.5512956819801,13.2795644426227,12.9656356650312,12.6211897868363,12.2637321187622,11.8991383339296,11.5376144784101,11.1887338482606
"1-6-2",NA,NA,NA,NA,1.93533088693592,1.97253936284319,2.01710548517069,2.06969669294735,2.13023652204708,2.19750770582448,2.26824565326226,2.33746387426211,2.40045002080333,2.45116785539279,2.4844541327034,2.49571092233658,2.483915327319,2.45073852867448,2.39846270666768,2.33162883233812,2.25612683645523,2.17892639546495,2.10052618111357,2.02717422591718,1.96091856212046,1.90297001672379,1.85301093235836,1.81158766346859,1.77773220267913,1.75063658976579,1.72948779755015,1.71265420514488,1.70073147469269,1.69191057677484,1.68527021232709,1.68038240696906,1.67770438923948,1.67720762125935,1.67998150793365,1.68728620572788,1.70012589593091,1.71922975858667,1.74417543790686,1.77454835839839,1.80899927672641,1.84604152166144,1.88368879100168,1.92170107520738,1.95902727753183,1.99534218517803,2.03070631700273,2.06518046088066,2.09904279694161,2.13210088668982,2.16442532201863,2.1959644327245,2.22784144447989,2.25975460372623,2.29248681023164,2.32764297635832,2.36650080289508,2.41060620052775,2.45938878653567,2.51356834088363,2.57123921434369,2.6298904749436,2.68380454913159,2.72918598924042,2.76293514714407,2.77814751690541,2.77065675615072,2.73714985818107,2.68012233722814,2.5984363847406,2.49919690827911,2.38949677394336,2.27952951228961,2.17957787564088,2.09225573692597,2.02858657524896,1.99329316578182,1.98931212900191,2.01267095751072,2.06481427855418,2.13687687777388,2.221492842392,2.31045803560795,2.39410180702158,2.47244938845704,2.53782681218353,2.58777028344632,2.62110039334227,2.63835206511712,2.63908168918755,2.62463464689361,2.59684369957732,2.55739963996411,2.50948942825852,2.45364132977274,2.3933388558818,2.33140941855526,2.26955299771464,2.207571449115,2.14594128942106,2.08314295807945,2.01707132876487,1.94632507724989,1.87131069073101,1.79333057062705,1.71514171737336,1.64177744858017,1.57823182124744,1.53123790415031,1.50087824991211,1.49008484832538,1.49864938333308,1.52501086519335,1.56646584060295,1.62015040177635,1.6847871718276,1.7561806424743,1.83135196023899,1.90510208814225,1.97430168857552,2.03523469027091,2.08186726011145,2.11032353922176,2.11780337907524,2.10628199725635,2.07509909886769,2.03036349600062,1.9772673702761,1.92109875635378,1.86557133471242,1.8115296907133,1.76034741646184,1.71093498480544,1.66206405521866,1.61362162367982,1.56572810644119,1.52068202972368,1.48191833291318,1.45413871326446,1.44145192183219,1.44576735985957,1.46946079560517,1.51250730691988,1.57334465998465,1.64715940222851,1.73274689266346,1.82375173121828,1.91526066596508,2.00318009470854,2.0839056430638,2.15778268049925,2.22349463802664,2.2817983493342,2.33354255260858,2.37930872849558,2.41838345508174,2.44997681268549,2.47305723586815,2.48651664295817,2.49008701497743,2.48464694334713,2.47176619456561,2.45418029525917,2.4340691487796,2.41130924473554,2.38667252901146,2.35826761261444,2.32308859646889,2.27861776791558,2.22455970553491,2.16226355463653,2.09409903069114,2.02719546553249,1.96884675377317,1.92920496485199,1.91071308593392,1.91841566924713,1.95381319756822,2.01523921408172,2.09766862615042,2.19444872827989,2.30227882291879,2.41074756547046,2.51308452581401,2.60217158235648,2.67565119638403,2.73156987891212,2.7689672703477,2.7889077702967,2.79319173542292,2.78514124327914,2.76338610533834,2.73203381495934,2.69261922751408,2.6470168151911,2.59783804679153,2.54586741117153,2.49454981441924,2.44586695698753,2.40094855364558,2.3588195960163,2.32003284609797,2.28156185359064,2.24113467079411,2.19742091019063,2.15201616874591,2.10491470456551,2.06068498736671,2.02426714301435,2.00054653190005,1.99318727840164,2.00239126009695,2.02785265491316,2.06551424852964,2.11003157033461,2.15196563495794,2.19045474279328,2.2181029894778,2.23123354863943,2.22860736463252,2.21181104092655,2.18233547721719,2.14427421081279,2.10389486082608,2.06664354639581,2.03742866454643,2.01939114409658,2.01434872144111,2.02144062272235,2.03757429666633,2.05940137866528,2.08105325309302,2.08897293496405,2.07935434717112,2.04453595862961,1.9767369970402
"2-9-2",NA,NA,NA,NA,19.3039741090311,17.81327144089,15.96286423493,13.9443418621876,11.886899344762,9.92856745987913,8.18090562402522,6.70903004056852,5.52642736838198,4.63204993806368,3.99742019499825,3.57742339017773,3.31982986295863,3.18398997690074,3.1285779512666,3.12485497496945,3.15317617716451,3.21169629290653,3.31112691908781,3.45987396710505,3.67611738085458,3.97875564767723,4.39093012986755,4.90335622266106,5.5325088335854,6.27949696743316,7.14542240110038,8.13764981912239,9.24516487969593,10.4758841773936,11.831457283514,13.3125839536987,14.9052184477882,16.6058596892265,18.3869582658508,20.2083121038278,22.0240646462321,23.7471340943629,25.3699843631376,26.8167760116269,28.0443154093485,29.0299621379802,29.7893647446835,30.3422904304986,30.7333865419568,31.0454098955559,31.3471408231999,31.7028194598818,32.1232773158722,32.6261079607165,33.1880613827086,33.7680948026526,34.316263244503,34.8021172286325,35.2033135607126,35.5121811743624,35.7516716692492,35.9997456413631,36.2838244614652,36.6610287883193,37.1951124764009,37.9120145384185,38.7826757589046,39.7249824363017,40.7023596093748,41.5305685426856,42.0531435842305,42.072438522666,41.5032723205787,40.278474588484,38.3566827981203,35.7768660418385,32.640120123158,29.1534737030977,25.3361982568381,21.4725751662279,17.7385843437075,14.3063175347217,11.2864233927744,8.71549150794113,6.63453116412803,5.0187652803223,3.81947818219798,2.93802814508189,2.39690651467574,2.09636049991996,1.99666115352685,2.07788405633923,2.33311930350108,2.7666178858577,3.37754459767285,4.1722691149728,5.15547792385885,6.33756458057329,7.69533174691534,9.22494980565061,10.9089829368481,12.7231351054607,14.6203060405033,16.5897145113755,18.5851183356815,20.5626969178758,22.4832547566606,24.2928392673155,25.9859953590346,27.5249401156277,28.9004737009578,30.113572083943,31.1930720629781,32.1566327306371,33.0342918668125,33.8836939166955,34.7444391542168,35.6458025347894,36.5892804345997,37.5788778823713,38.5845432889558,39.5694076829137,40.4817509775211,41.3000578378559,42.0028461357977,42.5769495439863,43.0362283839301,43.4296753003154,43.8046779374192,44.1917908891228,44.6713816475691,45.2922696716766,46.0877565802444,47.0358772780227,48.1421419929195,49.3334055704728,50.535884800049,51.662461897207,52.6342722286812,53.4245131151018,53.9782305454877,54.2933257811472,54.4007441035427,54.3699791137916,54.2063133958179,54.0005339144204,53.7960676253575,53.6036232878058,53.3544157946168,53.0430370478725,52.5406986754973,51.7262327475084,50.4826886918609,48.7077848975019,46.4213872829051,43.6110370845718,40.3580575212434,36.7736487777757,33.0537919989983,29.2348794704339,25.4885291227367,21.9374193061933,18.6623211332028,15.7420456299004,13.1583807754736,10.9438438192097,9.07044348535367,7.51019436140358,6.22099080992933,5.18627183552289,4.38491122329136,3.77456235919305,3.33663244523537,3.04859224415204,2.89786265850024,2.86310427287219,2.91827280499006,3.03998399921624,3.19773335417561,3.37985241691314,3.56250310055037,3.73205738585891,3.8760528684844,3.97623863850309,4.03334996772864,4.03235054308992,3.97165670634205,3.84931582068422,3.66929515925813,3.44977565067435,3.18979274523479,2.92453867529761,2.68070350896182,2.49383935583179,2.38998409875442,2.38181332150421,2.49380435588047,2.73383252670387,3.10055029744845,3.5704969424828,4.14993191980685,4.79775284903069,5.48579061972,6.18441770334566,6.86960433976618,7.53293256374466,8.16201529546045,8.76168746494326,9.34733709080359,9.95178614164967,10.5784203020708,11.2627921027013,12.0220974235162,12.8593174895347,13.7468515187449,14.6738133025862,15.5907797839248,16.4484416141934,17.2075371425367,17.8438619920591,18.3662475103874,18.788842974753,19.1542747695241,19.5060304167944,19.8827444628932,20.301245410071,20.7692578745302,21.2706648642006,21.7755409810934,22.2492347702005,22.6638220756156,23.000710851853,23.260929998479,23.4652914955238,23.6437506662059,23.8448712698304,24.1620425454465,24.6448749620574,25.3615821396115,26.3822899473764
"2-10-5",NA,NA,NA,NA,1.73281466871358,1.72753842360355,1.72295770184274,1.71963712596553,1.71796623208837,1.71784045421096,1.71866711419425,1.71954996349098,1.71959142643687,1.71796990772204,1.71436062438791,1.70942327361297,1.7047003389258,1.70166631232191,1.7029446489637,1.71076904865835,1.72685008480763,1.75046610048939,1.78167175933455,1.81728984976081,1.85412414386878,1.88889589539248,1.91907924256584,1.94438546563196,1.96430456819018,1.97993797561473,1.99261091242725,2.00302435888027,2.01151376528447,2.01733191208993,2.01894408051775,2.01446144216981,2.00217936327635,1.98185977342286,1.95341896650521,1.9184701152574,1.87925586058046,1.84012385319224,1.80159130585316,1.76726951466507,1.73930220868499,1.71880877364309,1.705790803462,1.6992883242652,1.69819042574641,1.69976343122074,1.70159622409617,1.70023742650963,1.69553455345318,1.68581980770067,1.67027461202677,1.6490484624309,1.62305582901774,1.59331897214573,1.56037001853123,1.5263824346174,1.49297158952165,1.46256043481683,1.43629094631683,1.41566076481707,1.40237509989358,1.39707739016745,1.39908750390092,1.40693550859836,1.41998567817416,1.43460841933087,1.44825698460077,1.45893852028572,1.46668953644187,1.47108317884597,1.47452978389584,1.47996306617477,1.49151321083773,1.51217642815348,1.54294453261292,1.58591841686868,1.64071495203375,1.70539825787672,1.77492724497888,1.84884247472646,1.92027911723938,1.984610745914,2.0374128969608,2.07549942608675,2.09866973689551,2.10603382159214,2.09895507342716,2.07949022806615,2.05132848783076,2.01453405978993,1.97257292061199,1.92761791818123,1.88119125711494,1.83491611122978,1.7891039142967,1.74508231355622,1.70343784830922,1.66450438030402,1.62788304710001,1.59385463133176,1.56182199724118,1.53106267498519,1.50141767929007,1.47379755826666,1.44880491399109,1.42805931087,1.41376636578859,1.40784378422407,1.41249984631486,1.4271479297076,1.45223690639277,1.48650518892964,1.52843413276839,1.57656626292691,1.62936058353951,1.68631866641835,1.74623291861581,1.80838281895764,1.87082739711167,1.93195241816635,1.99003920693018,2.04107707344409,2.081669486632,2.1077256789103,2.11835160893474,2.11158109652263,2.08799234254219,2.04914477248427,1.99792701926484,1.93871138907364,1.87255980605216,1.80509401253366,1.73952647749951,1.67859661605433,1.62363828090734,1.57541450221532,1.53398393623468,1.49886471748893,1.46949471919492,1.44555584244027,1.42815918573521,1.41762943028188,1.41530705612701,1.42302070136484,1.44315803901333,1.47513013342982,1.52065308148342,1.58030334558937,1.65476884357793,1.74483949745739,1.85005635135115,1.97062474939809,2.10503693012011,2.25063808401823,2.40000460868002,2.55125477704196,2.69531726523275,2.82412444517267,2.93148693845238,3.01364687373067,3.07101320615213,3.10477171267842,3.12074259168818,3.12450934290884,3.12030259038095,3.1096767754878,3.09258182172353,3.06579225625194,3.02425415830484,2.96010324453483,2.87307825674716,2.75965202424673,2.62094730819176,2.4610369421899,2.28958472722879,2.11379800033012,1.94141225462808,1.78533610988672,1.65451991997541,1.55827164744599,1.49673711500261,1.47321870827169,1.48465682648493,1.52631486107926,1.59085703893692,1.67016722970098,1.76252721426674,1.85749459796983,1.94995843513826,2.03492454873472,2.11022132419638,2.17385009991574,2.22455959847909,2.26211800246845,2.28652519706426,2.29990847340108,2.30049887958405,2.29141242343271,2.27370514939579,2.24832166606815,2.2167068761973,2.17863421799539,2.13566501407642,2.08883766781205,2.03965716623546,1.99092743125437,1.94313009701383,1.89961934023248,1.86281898621025,1.83478239554785,1.81643293350623,1.8079415552518,1.80845600681598,1.8156415890396,1.82690177128604,1.83838582920756,1.84945309498216,1.85728678963598,1.86065088701987,1.85947329323746,1.85484038591916,1.84784233077664,1.84057157086222,1.83564304308674,1.83504430787442,1.83999227731742,1.85083621063408,1.8664011577696,1.883689454005,1.89844413174202,1.90653289031266,1.90168456503283,1.87199955658977,1.81335510429153,1.7184980356082,1.58004634066748
"2-11-2",NA,NA,NA,NA,5.15466688767685,5.19574045684784,5.25414298019338,5.33254094393073,5.4313271008488,5.54771220201087,5.67273408717717,5.79214226033427,5.89250780317559,5.95602299017402,5.96716929885835,5.91135473231938,5.78470132697624,5.59177188616211,5.33841573066949,5.0381288027352,4.70980741176678,4.37814225868211,4.04531591978622,3.7362336978157,3.461653909468,3.2296316106581,3.04112615064045,2.89809031283532,2.79613743680987,2.72944905907794,2.69146809376871,2.67176120058844,2.67171173191218,2.68163733311242,2.69692238267313,2.71514753693438,2.7362558025554,2.75985828154349,2.78748409760498,2.82177469174904,2.86477269866635,2.91953104364766,2.98383830170842,3.05821035122038,3.14084960618413,3.22899608807774,3.31784569258612,3.40577002932816,3.48884934849916,3.56293641820401,3.62465873840161,3.6686072149484,3.69436450976861,3.69796968502672,3.67736041648614,3.63160308136342,3.56179560911061,3.47055867071665,3.35983782771718,3.2364617625182,3.10583761527424,2.97348033213699,2.84209281172487,2.71414103305972,2.59038713451851,2.46982499038577,2.3498041346802,2.22908750780702,2.10705165576861,1.98249291945116,1.85663875439797,1.73375185305124,1.61910698324238,1.51549057046754,1.43139903042074,1.37291340424132,1.34617068956742,1.35155891531728,1.39075234052572,1.45994246760212,1.55376346605441,1.6645315710332,1.78097331364454,1.9023192744409,2.01637578561466,2.11689441247719,2.19851799057674,2.2585687864741,2.29606588844864,2.3112098975304,2.30616121460731,2.28367221913784,2.24881644476043,2.20145966700219,2.14665196879335,2.08763014730785,2.02653980430043,1.96481765881424,1.90333565068297,1.84282900668838,1.78336747711141,1.72499798506591,1.66822024710746,1.61349742941317,1.56196560695705,1.51533163017583,1.47596620387898,1.44880587715209,1.43436080608997,1.43672695728899,1.4585130370057,1.50105386980233,1.56419095035677,1.645158887225,1.74187094725971,1.84831688926197,1.95935479445264,2.06914394777317,2.1754006470882,2.27566420943906,2.3680759126283,2.45223300070337,2.5268386946945,2.59188062898268,2.64552416502586,2.68587674899661,2.71066477544063,2.71693107742248,2.70559462663415,2.67542708791501,2.62931657647842,2.57043346347132,2.50395351954355,2.43559537179691,2.36684354035363,2.30522685588677,2.25555558403566,2.22403670304114,2.21407343813853,2.22822065162872,2.2691328575335,2.33703352899504,2.42943026157078,2.53676354129558,2.66020473012672,2.78501530720236,2.90055698193614,2.99579975441623,3.06165267675222,3.09672199878274,3.09742487584947,3.06689161051632,3.01146888813897,2.94561468243907,2.87013551298566,2.80034508459292,2.74692476600891,2.71733644880931,2.71703941255959,2.74345026023029,2.7957960685096,2.86689063504289,2.94905497208565,3.03068854469812,3.11053598383118,3.18117127890493,3.23799518776898,3.27955406907839,3.30499108984383,3.31643193468008,3.31385941605691,3.29969780377225,3.27544038577073,3.24275334543055,3.20291931104042,3.15655640565254,3.10637939544352,3.05428390826184,3.00356908380443,2.95617672586118,2.91485667732738,2.88311223931414,2.86363565728233,2.85919250486342,2.86977607493044,2.89667231824406,2.93852772133468,2.99381610630643,3.06061495500483,3.13636192013375,3.22042165697889,3.31003385431494,3.40394635011858,3.5013583001159,3.60123716355414,3.70322042805817,3.80617519966429,3.90885993420667,4.00920898471471,4.1040625592272,4.19195376938558,4.26876138986538,4.33128393166446,4.3761656347351,4.40143233910439,4.40681364171123,4.39206435244972,4.35816217061357,4.3061856097328,4.23822591488879,4.15476256081794,4.05812678402008,3.95060689032353,3.83509198463165,3.71873996838516,3.60153502906953,3.49180221884154,3.39621039697671,3.32065708877777,3.2726132282847,3.25006681306295,3.25607350325469,3.28720647179906,3.33877788122379,3.40294237332632,3.47487842001165,3.54608293590212,3.60701478242207,3.65042050466943,3.6701731817226,3.66183216101491,3.62250458179621,3.55180178729427,3.45097641749568,3.32102514509804,3.16532577222217,2.99502739753054,2.81034428048072,2.6155551596258,2.41472787464561
"2-13-2",NA,NA,NA,NA,1.43122136306042,1.44148840647897,1.45593969595608,1.47379901676741,1.49447743928662,1.51692351555668,1.53977088036339,1.56161060121409,1.58136095823834,1.59798712939242,1.6110159649541,1.62081468551812,1.62862081393717,1.6356972300617,1.64421396748679,1.65614189665179,1.67308811972659,1.6949214858465,1.7217454620294,1.75153728932402,1.7819197905209,1.81022350580526,1.83408198459256,1.85316633541635,1.86647830357725,1.87456617183372,1.87852548331094,1.87998505695194,1.87923493041258,1.8774634113477,1.87501812792926,1.87177358022554,1.86717589765209,1.86094029011716,1.85253400947856,1.84164442452255,1.82819194073204,1.81206343206679,1.79406723080765,1.77452071460573,1.7540490665187,1.73319033979864,1.71233270819667,1.6917590225101,1.67158035824882,1.65214821463407,1.63393428356668,1.61848384943009,1.60647077280759,1.59962598531438,1.60003790377548,1.60934460967772,1.62950344738016,1.65960736847677,1.70000261629037,1.74919898580206,1.80563568316218,1.86772737646711,1.93373849265422,2.00326134488653,2.07448704682752,2.14608417888224,2.21465039907358,2.27769098813998,2.33286828451168,2.37467673950232,2.39897005658948,2.40154641117799,2.3829353177716,2.34133171261798,2.28073723448801,2.20577559914912,2.1234873554518,2.04204599522366,1.96325962290251,1.896315741172,1.84564526825322,1.81469691646951,1.80260302937394,1.81040000426991,1.83406666817777,1.86969058715097,1.91270578603536,1.95699442378574,2.00328785695927,2.04624374882657,2.08373739927552,2.11416800944064,2.13632138945905,2.14960435959938,2.15320489946746,2.14742719456413,2.13319531471683,2.11446697006216,2.09133794859436,2.06881137614872,2.05111563887897,2.04114725941849,2.03966358387026,2.0457994797844,2.05718683689322,2.06877999556961,2.07580586136415,2.07290221576922,2.06008750159789,2.03577875839076,2.00150951748145,1.96005883436128,1.9152808429194,1.8688852248755,1.82263706904873,1.77801536743899,1.73513000950321,1.69401383740447,1.65450204586485,1.61696200450872,1.58224372028671,1.5513091293816,1.52527306907036,1.50413114396454,1.48837484978393,1.47710827383894,1.46956827770632,1.46493942799304,1.46280818605394,1.46324260571807,1.46621622009792,1.47185808322858,1.479650065892,1.4885888849736,1.4979586929889,1.50548535649467,1.50950084283845,1.50900117533166,1.50506798743021,1.49751487482653,1.48971889537704,1.48464742481917,1.48539686153343,1.49360842942043,1.50941767247877,1.53228383707881,1.56022214350197,1.5908118123962,1.62123385105683,1.6511116658268,1.67872341504513,1.70367642568572,1.7257500911559,1.74351109783991,1.75764063742589,1.76594162893855,1.76651585669792,1.75744639734045,1.73678684647059,1.70501912595439,1.66201931380857,1.61009701502186,1.55216501405037,1.49434223117245,1.43753483551436,1.38709999502287,1.34731716702053,1.32107080969662,1.31052277821698,1.31471435669866,1.33377011992313,1.36448943332237,1.40357617898531,1.44642850393296,1.49070728710756,1.53358676836036,1.57203007884906,1.60503361808894,1.63253636286766,1.65592060304841,1.67600287501642,1.69480220058269,1.71310414525942,1.72979432999669,1.74322854924835,1.75079408485373,1.74866229428987,1.73397800910637,1.70600446847668,1.66761055025219,1.62046186930212,1.57231573301458,1.52983226478167,1.49899876350181,1.48107830207705,1.47686930833825,1.48242354071975,1.49229048037452,1.50032779275118,1.50252942655842,1.49845450524456,1.48793899973699,1.47414773250676,1.46141053575246,1.45409249666512,1.45291113319158,1.45990589400612,1.47450433495755,1.49546346586521,1.5216285507485,1.5518819551179,1.58622906011887,1.62514187012119,1.66927040763499,1.71794828592961,1.77155963031841,1.82786656709421,1.88381767843441,1.93615501271147,1.97960353967499,2.01446541341732,2.03727585024294,2.04745392227258,2.04537382687096,2.03298709842792,2.01134348340784,1.98309973161572,1.95199913721608,1.92116934659011,1.89380518530843,1.87235038417694,1.85952300872081,1.8575064864054,1.86791196675726,1.89218526980296,1.93168087967466,1.98633097793723,2.05758157967367,2.14637777595533,2.25372943426258
"2-14-2",NA,NA,NA,NA,3.27814366741477,2.90499715679961,2.49675702115082,2.12031429879488,1.81595947755598,1.62452239844505,1.56960852938984,1.65028768654665,1.8471801757481,2.12869789527012,2.45431800739233,2.77429390549242,3.0480771476174,3.25454117860767,3.36689998132612,3.37616640516645,3.28393704500932,3.11649800011858,2.87405661614554,2.59617682450912,2.30914734595757,2.03712243607402,1.80061449883095,1.5979648606598,1.43939617313609,1.32225972970171,1.2424911497275,1.19736948119882,1.18969899781276,1.22246067752952,1.3028921207751,1.4401149487937,1.64081125212525,1.90894785680537,2.24410464778503,2.63939002682097,3.08540561905778,3.56824563708858,4.08264298298432,4.61772409891285,5.16933935076424,5.73902917345937,6.3400794316319,6.97668448705772,7.66432356045097,8.41760342410852,9.24437198936301,10.1407055586462,11.0969752764643,12.0975568439386,13.1132210737641,14.1184934979965,15.0994394081397,16.0465640360036,16.9596897810522,17.8562142904655,18.7576038156704,19.6984752354115,20.6758740115285,21.7019520876377,22.764976236401,23.8373811669316,24.8576217975944,25.770228833923,26.5401521092751,27.0758505914769,27.3151405290499,27.1891439668182,26.6922531998527,25.8002933461718,24.5381655168205,22.9478352694752,21.098813805116,19.0982786120704,16.9594339607418,14.8198963565066,12.7597607778664,10.8551931937961,9.14712600591929,7.66261283693408,6.40820851120157,5.36943297689038,4.51948421232622,3.80678973349193,3.24236177548094,2.77360710696278,2.38116104293426,2.05934830030886,1.82215146432631,1.67257322598315,1.63474450729963,1.73253443471794,1.98566648210858,2.41254848788187,2.99846764744838,3.73947475865256,4.61055460287713,5.58122356857954,6.60020231206165,7.65920574888759,8.71701567497245,9.74243173524569,10.7128780810754,11.5945654171794,12.393954667784,13.0878938891772,13.674074864985,14.1536642037365,14.5523319144097,14.8768774505683,15.1494410368375,15.4196601702653,15.7278234126564,16.1321073180822,16.6386253168391,17.2807849653857,18.0613297635292,18.9626350437405,19.9270886057456,20.8947347721852,21.8206228701371,22.5951901505634,23.1459153576218,23.411520139501,23.3948501392269,23.0851786536515,22.5350740855862,21.8044968260851,20.9592898468457,20.0512219160501,19.0913492079773,18.1064185178992,17.0841027033507,15.9980613389266,14.8286537878116,13.5701509168635,12.2198927812437,10.7989440612942,9.35054062947798,7.94328029509181,6.60051640626341,5.40101072422902,4.39548337384276,3.62155942116233,3.0808131828707,2.77626280792439,2.67152420206641,2.71724214626263,2.86041246741949,3.03761543150366,3.25016739397404,3.45948417700305,3.66377946618363,3.87664882194696,4.13970031687532,4.45345866820992,4.855604684273,5.37425658699801,6.0260152024181,6.82613373851762,7.75939824429634,8.82364196908006,9.99573812366812,11.2482509332565,12.5308398340457,13.8303085395744,15.1072175069472,16.3215489535505,17.4474546568618,18.4634295789742,19.3736981440594,20.1707782153091,20.8753361748687,21.5081653122333,22.1047421439016,22.67931766846,23.2487960841814,23.8386678509515,24.4574768288862,25.1083641847671,25.77619884236,26.4590311633657,27.1306514515592,27.7696813127098,28.3539361677802,28.8635128297629,29.29183557528,29.6227909898769,29.8513671976401,29.97383113459,29.9869141250735,29.8887805576302,29.673842094053,29.3324497634575,28.8425447151064,28.1828038424987,27.346824668021,26.3086592662088,25.054788963679,23.5772021695813,21.9017805752548,20.0309298577616,18.0189744479044,15.9215556197649,13.8042065363231,11.7553344486495,9.79298251796252,7.99731236561582,6.41218028381534,5.06758593916072,3.97838596031765,3.13989270972557,2.54365957874364,2.16455814593795,1.9829355245692,1.98287509794744,2.16181111057794,2.51564994989787,3.04063710146833,3.73524493450573,4.58570608742982,5.57838665268156,6.67899239588193,7.84062193011607,9.01590914698282,10.1604940002863,11.2398079756559,12.2335335104908,13.1447343066686,13.9943693948343,14.8075215896802,15.6308427507014,16.5769674765716,17.6795047226263,19.0047826590888,20.6224154590375
"2-14-3",NA,NA,NA,NA,NA,NA,NA,NA,NA,7.20810450205737,8.15007892249704,9.20641923075713,10.3399477493264,11.4922717296129,12.5934213709047,13.5443970170001,14.2608684009418,14.7006475349222,14.7864575237649,14.4830067346639,13.7846893805508,12.7769205107713,11.4495525311263,9.95741263710187,8.41655426359138,6.94867338633162,5.65913232071964,4.56051818275011,3.70685755027383,3.08637480099068,2.66686667306657,2.3840867107572,2.23940753052251,2.17521613463429,2.162906708502,2.18965857557802,2.24339419077567,2.33761779907405,2.46498702379188,2.62558352938443,2.81867209402226,3.04521890143895,3.29881089731685,3.57837603260999,3.88894283639645,4.23532227601531,4.6343996943038,5.0882200932366,5.61343253920007,6.22321382299619,6.92438004478834,7.71814585991349,8.58869115011217,9.52414136096889,10.495738329502,11.4785708527985,12.4476605299669,13.3941108409024,14.3107693595245,15.1931595376547,16.0400446311791,16.8424955709421,17.586617455665,18.2533992468947,18.8140851565024,19.2440144577132,19.5258736438988,19.6648485431684,19.6628605965592,19.5498745468364,19.3515963005452,19.0803651915069,18.7354738239817,18.3129220896206,17.7791501528953,17.1004883513223,16.2453543543135,15.2241109098152,14.0328510517343,12.7257624853929,11.3654426536718,10.0320252713993,8.80895965746573,7.71709492805155,6.82293539865063,6.1485010680913,5.70057913034391,5.45553417544601,5.41832711218257,5.54954218246766,5.81779488107901,6.19300999555476,6.63662854968413,7.15297220743199,7.71087165177355,8.30087049498264,8.9233662886362,9.60566163919017,10.3380206929312,11.152356089066,12.0761134696464,13.1298900682507,14.3358252859124,15.677872959426,17.1551914526195,18.7366036454719,20.3828932715037,22.0215481639155,23.6294927104026,25.1459575539574,26.5134624125838,27.6942436887932,28.6683016706735,29.4349959600776,29.9937527277762,30.3802087513398,30.6280977360139,30.7764739861773,30.8397481621194,30.8343249735238,30.7605259497572,30.5955444058852,30.2749943377967,29.7654183888168,29.0239033063947,27.9875332140959,26.6288115611694,24.9532427417025,23.0264822485443,20.8764211506146,18.6395304892672,16.4318044912211,14.3796766963062,12.553356453046,10.9905055347642,9.71942614482495,8.72134303354967,7.9593785034799,7.37463690582475,6.97594235146129,6.70742191231486,6.56055786838618,6.53970153394758,6.6547216481433,6.91771690104498,7.335323426523,7.91105841703972,8.64155811252252,9.51062552852574,10.5024063247326,11.5897151373987,12.743911588374,13.9363252461849,15.1333547229412,16.3321171442469,17.5081659071313,18.6508010349747,19.7515731224479,20.7986943118455,21.7895211165064,22.7123046551883,23.5633129292182,24.3398810047116,25.0547173064309,25.7067507511258,26.3148965735185,26.9031526956458,27.4903927246047,28.0907008059299,28.7025416505382,29.3258088942137,29.9407584794303,30.5240545613627,31.0348051128,31.4667534310614,31.7970289883069,32.0104256016267,32.1057217950484,32.0996695402754,32.0113094783153,31.856904891824,31.6829547587279,31.5272198161318,31.4477128947874,31.4560442233213,31.5784142728907,31.8341312051474,32.22205543423,32.7228864426272,33.2844736141651,33.8986507790837,34.4769742868382,34.9530203457536,35.239873425569,35.2790385785648,35.0445509508047,34.4805708126945,33.5694547442763,32.3025333923068,30.7294761601782,28.8371429713514,26.7096113239035,24.4088272859311,22.0088953040866,19.6105588446466,17.2251442906523,14.9566746428429,12.8650906436907,11.0069955812704,9.43123606452135,8.14781453984121,7.18355885183587,6.53883321494241,6.20816600066655,6.15900035400651,6.38973682509848,6.85322888527388,7.49707676280679,8.2724354198692,9.0897442389206,9.95179419206556,10.7819059600913,11.5366290723804,12.1874513709586,12.7301740956451,13.1548303224823,13.4772417498984,13.7451291273087,14.0036605225716,14.3057279518984,14.692695885531,15.2137163271615,15.9090443402546,16.8054733997443,17.9217115366225,19.2763854441204,20.8725477190685,22.7190017270851,24.8244105672621,27.1998414342472
"1-2-3",NA,NA,NA,NA,NA,NA,NA,NA,NA,NA,NA,NA,NA,NA,NA,NA,NA,NA,NA,1.88259509968938,2.31408140121575,2.75455014550552,3.1997333896183,3.61922453782746,3.99770575306856,4.32389174452424,4.59741933975667,4.81445989487254,4.98428237776048,5.11745632692114,5.22489723496224,5.31780127656248,5.39565283414774,5.46397044894565,5.52006135638413,5.55710352773764,5.56111673275926,5.53192499209424,5.4579215772784,5.33432273914493,5.16103986488594,4.94750727930105,4.69877811877196,4.43004929015642,4.15942553374601,3.90249215240087,3.67599233219867,3.47951903338963,3.31940108259715,3.19145285035062,3.08857113536756,2.99761729522738,2.91599311651767,2.83704292540533,2.75365775863661,2.66377165905023,2.56486538644638,2.46084680465597,2.35069588857183,2.23787650438848,2.12632449482437,2.02480816316634,1.94075883228692,1.88011430276363,1.85790673000763,1.88456452286845,1.97134519939692,2.11912374491624,2.33180110307057,2.60517528953843,2.93312746944422,3.30795533567556,3.71921743732671,4.16471021269738,4.63339895373547,5.11978659021649,5.61846197679497,6.12282577594813,6.63047419742813,7.13260568485028,7.621794278616,8.08914764653932,8.5258952379892,8.92550564566615,9.28047463279354,9.58582406365758,9.83910307006561,10.0427470427056,10.1940951948048,10.2996764914847,10.3639037528172,10.3892485813311,10.3708431330963,10.3115554192346,10.2020195426888,10.0318793164051,9.78925338133085,9.45508762742267,9.03485361699025,8.51816471627392,7.90996515713436,7.22161996628926,6.48632427766147,5.71380423331158,4.94163617622338,4.20879295400734,3.54683378630253,2.98983439937668,2.53627270782779,2.2001375097281,1.97135418869936,1.83485029558004,1.76230477910761,1.74335757231509,1.76132515360028,1.79335595188563,1.82885310961385,1.86075273253201,1.89140857781348,1.9181896964014,1.94930271517604,1.99346909266033,2.06537290817373,2.17361127737465,2.32492150424203,2.53174762503632,2.79654561643954,3.11265536938306,3.46629295481551,3.84918707500994,4.23405930404474,4.60150500183523,4.93699677066138,5.24205632038923,5.51562663603782,5.77615729710187,6.04356122066309,6.33859211629666,6.6722686933965,7.0464782407777,7.45778126950996,7.89206753732182,8.32987828840812,8.75122376834872,9.15165083577693,9.51834474456827,9.8511308346199,10.1556472909373,10.4456691828383,10.7235139650493,11.0040182667279,11.2961886764147,11.6060733057911,11.9366912040382,12.2840248481136,12.6458235656118,13.0149342301748,13.3836667065534,13.7412697455537,14.0864183618826,14.4114209875563,14.7115200371084,14.9843697708319,15.2355649557116,15.4569114165539,15.6525796845919,15.824839193648,15.9757304862681,16.1056502721062,16.212717736539,16.2960404644683,16.3440315265535,16.3404190433891,16.2407934204161,16.0360263600715,15.6892135272777,15.1629886111556,14.4354761186269,13.5019818481692,12.3912241047631,11.1194008331765,9.75918379892179,8.37597025235924,7.0505801923143,5.82081300445116,4.72070162958296,3.78103770838392,3.00436009488054,2.38309443731938,1.891167585763,1.53102468735548,1.26971946597171,1.09356136585323,0.991292944864412,0.95166109195255,0.980656991486711,1.0630418396478,1.19180942291107,1.35353354087673,1.53218954711536,1.71702243071843,1.88665661003147,2.02477990508102,2.11845346735662,2.17127469340454,2.17838345157116,2.15865676131242,2.13241332584117,2.12243733896271,2.15470186300436,2.23168119140133,2.37010921618034,2.57184888007053,2.8326590473908,3.14197928813164,3.49375005771653,3.87618196542038,4.28032700994423,4.70260213510864,5.15078091359716,5.62208994717403,6.12782541412339,6.67520136388011,7.26814123635515,7.9018158632731,8.56949802267452,9.2536996817018,9.92594460382041,10.5570242719342,11.1172784459593,11.5828609774754,11.933867584166,12.1605928104179,12.2627851130018,12.2431094726786,12.1133791337106,11.910472902079,11.6427086071349,11.3296870784102,10.9913468177412
"2-10-6",NA,NA,NA,NA,NA,NA,NA,NA,NA,NA,NA,NA,NA,NA,NA,NA,NA,NA,NA,-0.896995429181828,-0.670952400290703,-0.42678044857682,-0.165171714763367,0.0929772427855447,0.335561150210937,0.551579479573773,0.735119247402205,0.884166919161097,0.999076301122298,1.08432237876497,1.14569874116257,1.19186400785388,1.22224687258069,1.24374772599162,1.25881559648523,1.26788500613278,1.27018465141775,1.26522612730845,1.25232554464058,1.23101829167791,1.20157415356072,1.16457225245759,1.12191320397077,1.07509586727824,1.02582255729291,0.97576266768799,0.927018003809863,0.879623478661045,0.834765458878486,0.79331638923263,0.75623598639299,0.725444944966524,0.702073298769875,0.688488765922552,0.686452479856224,0.697001870889963,0.719593357150708,0.752396859965799,0.793330713817905,0.838026069269328,0.883410473403043,0.928912361382587,0.975104690460258,1.02374925607459,1.07990157936499,1.1478934865929,1.23018487978918,1.32500382396948,1.43153163310296,1.54154746299496,1.64644996140944,1.73545451404599,1.80304734018828,1.84526138444525,1.85995972260144,1.84954291830401,1.81991053663851,1.78073585908511,1.73352252208467,1.69029477464144,1.65748504635186,1.64030827044251,1.63974480229681,1.65609782536287,1.68663279494888,1.7272087152909,1.77306408565533,1.81842441695441,1.86386001685975,1.90513557306024,1.94152448505271,1.97334150668468,2.00181714740687,2.02672164034588,2.04898494876372,2.06892891434604,2.08647652876177,2.10122507304167,2.11293289678196,2.12124009751577,2.12567753419495,2.12545831592159,2.11772942657268,2.10323515326588,2.07930328614966,2.04432881818566,1.99744947022513,1.93944761943613,1.87185022170512,1.79706911672609,1.72018700631412,1.64596996330721,1.58075653083347,1.52607630507002,1.485530696001,1.4608089891627,1.45194189602594,1.45785751050243,1.47634889459563,1.50643272113835,1.54474982299319,1.5894033070499,1.63921507830088,1.69342576218293,1.75215668809301,1.81525790755731,1.88285328803176,1.95462703499764,2.02872923466271,2.10378939026937,2.17647612614416,2.24348497776683,2.30071441252117,2.34567024854146,2.37711974606158,2.39305363849014,2.39267565277414,2.37451103777083,2.33865525164747,2.2839805273468,2.21047746804533,2.11833232228063,2.00886313511812,1.88762801857174,1.75484189506168,1.61937974348042,1.48832355104723,1.36935256409521,1.27015604684885,1.19141295407509,1.13787495311038,1.11006704221115,1.10735302539526,1.12622321701543,1.16688468126588,1.22496126324493,1.2959418616237,1.3753520719855,1.45514198519965,1.53437300236765,1.60527091759658,1.66300954242592,1.70501322597185,1.73366423593766,1.74969702129527,1.75867711543842,1.76873141657978,1.78608500107195,1.81374651301522,1.85122488107078,1.89595663834619,1.93978085679077,1.97373777623674,1.98652252594008,1.97647103817361,1.93884718676642,1.8748647102677,1.78957272229169,1.69364731691511,1.59431688932136,1.49900576380554,1.41892748071662,1.36014612243093,1.32652343707981,1.31540010186151,1.32647641942754,1.35264691256921,1.38729958592213,1.42298215536473,1.45560717091572,1.48444402434078,1.50692375669151,1.52430131888406,1.53860432817728,1.55219431691677,1.56460716996995,1.57737142406856,1.59011645041978,1.60229680196849,1.61417426038171,1.62522015503897,1.63698291288612,1.65066007191559,1.66739860363514,1.68731526823458,1.71045593424963,1.73549120162545,1.76096279938053,1.78588590708703,1.81074059310073,1.83486299209016,1.86035030745432,1.88915788439356,1.92283682274376,1.96013647442091,2.0015658262714,2.0432362373317,2.07994601024218,2.1060712990326,2.11248332734884,2.10019408765745,2.06341527983399,2.00191334937265,1.91764949397684,1.81621095570934,1.7015788710529,1.58167324171965,1.46659478958004,1.36479226780903,1.28377095022667,1.22888247255328,1.20360136543596,1.20800521505682,1.239577656256,1.29568671768944,1.37044755248836,1.44808551173712,1.52585242485669,1.59594791899952,1.65053973422486
"2-13-3",NA,NA,NA,NA,NA,NA,NA,NA,NA,NA,NA,NA,NA,NA,NA,NA,NA,NA,NA,NA,NA,NA,NA,NA,NA,NA,NA,NA,NA,NA,NA,NA,NA,NA,1.82342745930831,1.81251643523113,1.80566855571868,1.80233650551636,1.80285164455035,1.80747123008086,1.816322981223,1.82962967449498,1.84688645751778,1.86787714886502,1.89179436469978,1.91760251686789,1.94297065952471,1.9675421973189,1.98919660669373,2.00602272207952,2.01655217837049,2.01920637870487,2.01445176020607,2.0017122851391,1.98218008202273,1.95724988485962,1.92986731942131,1.90113361790047,1.8729108285753,1.84806966187968,1.82839985769156,1.81530210385288,1.80866025292319,1.80920293159399,1.81522039850659,1.82471997923474,1.83365668548195,1.83963923188987,1.84058892454698,1.83262967577396,1.8142299244742,1.78603781406953,1.75183751203926,1.71232872800786,1.67548017709988,1.64761868178127,1.63584253912653,1.64361274156292,1.67273058686592,1.72359936996555,1.79354484270203,1.8777383833988,1.96785735082007,2.0633858524788,2.15484870638623,2.2373395246625,2.30708590052826,2.36283298057636,2.40430682600419,2.4329075746557,2.4512783880801,2.46220436489169,2.46878873233889,2.47064585851785,2.46937561856384,2.46459667410395,2.45501272385566,2.43784345017649,2.41358553694459,2.38034151590232,2.33764646998231,2.28575633401032,2.22598937509588,2.15957492731269,2.08851950898932,2.01575633586439,1.94415415612974,1.87861255307641,1.81964718484331,1.77095781234989,1.73505849803406,1.71334961409263,1.70621421773892,1.71228044283186,1.73084875933797,1.7581517434642,1.79099302235233,1.82551328258245,1.85985281072557,1.89210413931679,1.92050986913909,1.94472764891378,1.96495834110172,1.98187466481087,1.9955127224953,2.00661864653979,2.01499542415298,2.01904663599662,2.01766415005561,2.00932498694249,1.99171072063771,1.96317469694861,1.92314049801801,1.87340782169014,1.81392150055863,1.74947843514106,1.68448157419258,1.62445218278372,1.57349161733425,1.53351907524164,1.50721255829846,1.49430811267596,1.49214224717238,1.49421260908913,1.5006540067445,1.50262829116772,1.49477023172846,1.47278152066042,1.43619674240719,1.38507954643009,1.32334132805456,1.2572580089533,1.19427410267205,1.14494882015889,1.10976618934726,1.09677058936234,1.1088305315291,1.1463308235836,1.20642506743335,1.28678791326384,1.3823920773673,1.48685340425074,1.59521046700237,1.70347856880579,1.81057126380818,1.9153649646183,2.01845149878251,2.1211464658016,2.22389542383862,2.32625689445327,2.42663474237148,2.52138480441609,2.60571692800288,2.67139273781243,2.71666299316237,2.73595434484708,2.72608869446758,2.68630591002728,2.61881762264203,2.52859404012304,2.41901387563107,2.29994484777483,2.17904638875135,2.06487229768721,1.96049890031936,1.86890514524282,1.79193825165906,1.72897476511528,1.67914608326741,1.64026984599111,1.61354780634421,1.59729419215287,1.59174340796022,1.59687152772127,1.61093131202971,1.63451704780849,1.66350385018856,1.69454797992492,1.7233905614543,1.74655635215703,1.76227610158087,1.76813907140797,1.7636093872158,1.74910099557984,1.7272820393937,1.69830870532817,1.66595167003849,1.63276922270614,1.60075250907463,1.57129819064211,1.54454509788144,1.52076556866783,1.49953464036683,1.48058219880939,1.46539985072526,1.45363237412642,1.44795033900345,1.4512379476038,1.46665802416806,1.49928250632141,1.54808326737617,1.61594216479144,1.70193783624397,1.80382038851805,1.91676164898056,2.03717155075712,2.15850822609703,2.27285698737324,2.37360621195647,2.45510524712605,2.51331991361115,2.54615414403399,2.5544259660723,2.54105551247556,2.50895241776693,2.4640528984685,2.42085973712437,2.38233789654696,2.35597447035775,2.3493275810765
"2-9-3",NA,NA,NA,NA,NA,NA,NA,NA,NA,NA,NA,NA,NA,NA,NA,NA,NA,NA,NA,NA,NA,NA,NA,NA,NA,NA,NA,NA,NA,NA,NA,NA,NA,NA,NA,NA,NA,NA,NA,5.07130324554824,5.44009591468271,5.79469703604282,6.13033606912512,6.44026076858121,6.72417240442851,6.98262409092806,7.23791890727909,7.48774263161331,7.7578680664933,8.0751681424439,8.46007081167541,8.92665970257881,9.46336036334463,10.0651270656342,10.6940190057969,11.3090165667563,11.840579930288,12.2685941728721,12.5521830067502,12.6514877098073,12.5488707040899,12.2386747912961,11.7452945220167,11.0713128469635,10.2700772812115,9.38774900084183,8.48856393314582,7.61707409256707,6.80423022411397,6.10467555369584,5.54164298910224,5.12065326561466,4.81773502160716,4.63507000835578,4.51847021456555,4.43205355199755,4.34488123442686,4.25212732197642,4.15833941516314,4.08545985915068,4.06877702432253,4.14906593291583,4.35964972711844,4.70202211320365,5.18880991820421,5.80937983968686,6.54782514361285,7.38374216948179,8.31070536347574,9.31529665502415,10.3927796693182,11.5394991412125,12.7391705338188,13.9928081396542,15.2725071449784,16.5497933076504,17.795098769433,18.9761602701509,20.0831290891902,21.0978743389341,22.0222810841702,22.8661300625244,23.6574258413641,24.4030539756766,25.1307836564881,25.8620613828297,26.6055398532971,27.3570786326928,28.0983092736729,28.8089407374231,29.4550790600884,30.0105182762304,30.4676383606669,30.8219665912262,31.0876186488138,31.2905799273902,31.4551727718965,31.5860602261802,31.6729948742577,31.6996805747097,31.6062458739584,31.3312331728074,30.7873162071276,29.9561803583577,28.8010007716439,27.3160402813882,25.5256394936884,23.4876846455234,21.28278753422,18.9435427301199,16.5911210110596,14.3080725781299,12.1854423608669,10.26953607485,8.59362933422096,7.18772925464055,6.05184603232665,5.16904874766096,4.4842542522694,4.01512474613208,3.68171055842201,3.44419339551352,3.26364168838389,3.11327467903988,2.99175366819351,2.88730570952506,2.80935944804492,2.77652029679336,2.82657242812241,2.9501954337138,3.18528693743872,3.5504651994618,4.05827167740112,4.71225139389654,5.50656603703888,6.4304562114542,7.45860718627574,8.55934843943491,9.67200945257881,10.7876754360636,11.8478255924124,12.811998739197,13.6546209619434,14.3657918107518,14.9575643780375,15.4448530260986,15.8676706412531,16.2591708602219,16.6471232331633,17.0341131580161,17.4202016664838,17.7914456137458,18.1278358647431,18.4182467176879,18.6618057513991,18.8678031258804,19.065131550556,19.2875966830085,19.579883985845,19.9473895302008,20.4083068852582,20.9547068704039,21.566539001791,22.2090079046762,22.84841442943,23.466850095169,24.0213866532936,24.4865714260554,24.8360383399948,25.0573798838836,25.1385972353322,25.069348960549,24.8470838506603,24.4731153475457,23.962928941462,23.3154075195645,22.5563128636908,21.6987383484867,20.7462245632814,19.6978009291588,18.5531988700512,17.3000136911058,15.9296006256474,14.4411106175194,12.8654107713687,11.2092263664547,9.53330138461424,7.89696448229701,6.36551097400718,5.00759771210167,3.83518406847014,2.89116653474035,2.18155891374682,1.6986525948502,1.40871230557523,1.30863741728475,1.35789105280022,1.52096924508717,1.7712853587896,2.07478222457216,2.4379890915986,2.8402690079307,3.27978295323006,3.76085735830091,4.29608421496178,4.89088404177822,5.55883871168899,6.31942798285815,7.18558278320073,8.16768671295245,9.27200205011768,10.5004316371227,11.848633841437,13.3074755297029,14.868265596414,16.515452918738,18.2156779620268,19.9622951959156,21.740313936451,23.5379563690583
"2-14-4",NA,NA,NA,NA,NA,NA,NA,NA,NA,NA,NA,NA,NA,NA,NA,NA,NA,NA,NA,NA,NA,NA,NA,NA,NA,NA,NA,NA,NA,NA,NA,NA,NA,NA,NA,NA,NA,NA,NA,NA,NA,NA,NA,NA,NA,NA,NA,NA,NA,8.95394305291618,9.18147540987584,9.43655539931375,9.7366372856806,10.1555528804964,10.7539810752413,11.5544742358612,12.5220298698294,13.6035533754118,14.7398680048806,15.7841834549603,16.6156773325243,17.096672067577,17.208616343016,16.9083435263826,16.2200849160527,15.2071455281053,13.9685334939752,12.6028217541617,11.1473832574264,9.71942147185701,8.37487380009077,7.16429675974756,6.10620042049673,5.21813390932265,4.51432384277411,4.00125822031657,3.68709921079362,3.56294740612375,3.65559641150989,3.94564771664139,4.43087689030635,5.10879028262153,5.96414805909285,6.99369851606296,8.17477451556599,9.49117148327937,10.9279592612574,12.4649204684788,14.0962080374284,15.8001488289839,17.556144102657,19.3358994163827,21.0859943991496,22.7931674255452,24.395448919777,25.8464758732781,27.1087664486027,28.158106431555,29.0004928972143,29.6447952992805,30.1283781509564,30.4880188249171,30.7726376176759,30.9834875669555,31.1461152985473,31.269107619996,31.351416623572,31.412291903937,31.4337312469154,31.4387257803188,31.4434122477387,31.4646427800537,31.5040001521345,31.5541487365717,31.6066517067495,31.6040116137927,31.4856067530271,31.1340985317232,30.5199088534104,29.5664565356347,28.2084219882669,26.4228977682993,24.2305974384832,21.7171993596448,18.9235016286459,16.023096803971,13.1577234264055,10.4927438998861,8.11116983859204,6.07277725527218,4.43631571807287,3.20231116364649,2.35491948013146,1.83622416005507,1.65988002035339,1.75691317553639,2.10243656840924,2.67623296056254,3.4442952303399,4.42008888333917,5.55410983861146,6.81501393183086,8.15602723187179,9.51819640823769,10.8755913205021,12.1622622332001,13.3344247941924,14.3597747799987,15.2449153933805,15.9757308787194,16.5941776448004,17.1490402209164,17.6927559946265,18.2879022687503,18.9340401820212,19.6676942948095,20.4846780710942,21.3610382479463,22.2322385821034,23.0851709048308,23.8527454657926,24.4817414872328,24.9389651099888,25.2218139180465,25.3349275929713,25.306589628688,25.1896515513975,25.0341740631363,24.8883705849628,24.7557184652158,24.6476332277078,24.5367986762396,24.3775475950135,24.0770317315268,23.6170252160374,22.9382652307459,21.9925037978316,20.7659053863698,19.2757549367746,17.57970052836,15.7141659801679,13.7930859594782,11.9123304860326,10.1904781592518,8.67988220524637,7.42978891746352,6.4907304761859,5.87368631056964,5.57752416216029,5.56694357440502,5.85346507418633,6.38298969281545,7.12667848722714,8.05093891433244,9.11690012256833,10.3204978408886,11.610976224839,12.9615340582385,14.348161248813,15.75777155592,17.1699356886752,18.5824463161548,19.9921493052618,21.3971941350407,22.7932571531087,24.1717140466875,25.5222488602747,26.8263296511919,28.0566688450506,29.1718079674906,30.1643061728658,30.9938798289439,31.6379903375723,32.082822298305,32.3365235892629,32.4043370409307,32.3172951572861,32.1186616067335,31.8508761872102,31.5648521219657,31.2723335144856,31.0067152486624,30.7785225973716,30.5856400774248,30.4147784087324,30.255673213797,30.0902624674875,29.8997845275433,29.6761067718553,29.4226849585232,29.1514762030275,28.8940461016824,28.7013336412298,28.636050485891,28.7569481638953,29.1480262700931,29.9573416140029,31.2400017276122,33.0890509045273,35.599669090442
"3-20-11",NA,NA,NA,NA,NA,NA,NA,NA,NA,NA,NA,NA,NA,NA,NA,NA,NA,NA,NA,NA,NA,NA,NA,NA,NA,NA,NA,NA,NA,NA,NA,NA,NA,NA,NA,NA,NA,NA,NA,NA,NA,NA,NA,NA,NA,NA,NA,NA,NA,3.7119906899017,3.83744984920729,3.94051031854818,4.02852441248193,4.10950918949353,4.1952124035115,4.2919112080812,4.41065830724393,4.55041330561351,4.71755553709211,4.91841428211377,5.15866857072351,5.45048815126865,5.79027750522998,6.18636043656749,6.63523640476908,7.13044967094562,7.65301437442115,8.17855048738562,8.69453902040419,9.15659983566431,9.53126536024042,9.77838738283267,9.88374883248671,9.83246466556467,9.62059245105917,9.25659347574656,8.75892732451586,8.16616732714425,7.47849838458999,6.74805298572745,6.00628972653847,5.2865032480726,4.61673327268599,4.00530555153181,3.47328359262805,3.02668752490259,2.66613305427927,2.37755337935148,2.16670395138143,2.01173748423032,1.89816866969173,1.81432469697774,1.75071893110886,1.70868296213793,1.68544266538953,1.6851324853203,1.71341886524524,1.77602128830605,1.8734468958453,2.00638926089575,2.1716385035369,2.36308099200773,2.57012472590903,2.7907768605736,3.01671979812182,3.24481547057977,3.47507481175042,3.71495588621206,3.96711387669494,4.24048078840563,4.546404806661,4.89313392743616,5.28725986944968,5.72580272945069,6.20789708925376,6.72388303717889,7.26270816175836,7.8093903367454,8.35674586534298,8.89685156703232,9.4218997777317,9.92971387485346,10.4215523376794,10.9001297061849,11.3661586785263,11.8251612501332,12.2795973466682,12.7311078332302,13.1771163676418,13.615338999422,14.0411639254389,14.4489812121999,14.8334746117495,15.1893643322374,15.5147589683664,15.8065161932298,16.0637801603975,16.2874826664491,16.4761112006643,16.6280511606887,16.7415288528363,16.8129902698201,16.8362240451458,16.8000239579489,16.7051932078592,16.5380398897327,16.2882181198125,15.9418538275177,15.4826522236515,14.9122964855157,14.2188744066958,13.4026500077555,12.4704284369863,11.4504675068454,10.3508598165246,9.2132945651977,8.07999421850517,6.99046291106426,5.99641701953913,5.09885373581163,4.33084819193348,3.69961084405819,3.20455938269833,2.83811944579282,2.58967750316558,2.44895978469458,2.39550708346712,2.41610112508637,2.49478304954894,2.62697496824433,2.80251470226776,3.00875218633378,3.23583903784836,3.4648496870109,3.69041900282957,3.89465652026235,4.06222545704848,4.18038258274817,4.23884560242965,4.24197543040443,4.18635468012409,4.0886657590888,3.9645814722208,3.83556012894863,3.71619502163931,3.61612293912614,3.55099285519294,3.52571952130399,3.53799671065787,3.58237560033033,3.65781799413362,3.75121084077761,3.85515453165086,3.96452920400507,4.08456507182701,4.21698901271962,4.37556823483437,4.57631670903033,4.84346839049778,5.19920670768597,5.64492818649246,6.20262104060341,6.87995210113248,7.68194874775787,8.59412297888,9.61882940231489,10.727788961679,11.8916572377558,13.0702614010546,14.195839457031,15.2648244545014,16.2058670412126,16.9756026802101,17.5415105148548,17.8943544452092,18.0374519190423,17.9943145558667,17.814814879584,17.552116296307,17.2945003786335,17.044407798451,16.8691248795813,16.802411643953,16.8579128284627,17.0272455477771,17.3061366391301,17.6702808422653,18.0759591549823,18.486208745856,18.8649199630346,19.1880912338582,19.4351041604986,19.5997247223194,19.6894975853005,19.7147185942676,19.6973496589033,19.6985637235416,19.7329281967679,19.8334727499684,20.0340592476521
"2-10-8",NA,NA,NA,NA,NA,NA,NA,NA,NA,NA,NA,NA,NA,NA,NA,NA,NA,NA,NA,NA,NA,NA,NA,NA,NA,NA,NA,NA,NA,NA,NA,NA,NA,NA,NA,NA,NA,NA,NA,NA,NA,NA,NA,NA,NA,NA,NA,NA,NA,NA,NA,NA,NA,NA,NA,NA,NA,NA,NA,NA,NA,NA,NA,NA,1.53418459452553,1.56312348968209,1.59414326461211,1.62477009045555,1.6534777732446,1.67531796251009,1.68683343758537,1.68455497722834,1.66837161675221,1.63698319454436,1.59268770165615,1.53858651405156,1.4795258298204,1.42122612294013,1.36486955458956,1.31690355514727,1.28026711120757,1.25686501388883,1.2453536971242,1.24631427718914,1.25590117205401,1.27072816926208,1.28715919846264,1.30146214707748,1.31405689216484,1.32265659533926,1.32740135487221,1.32905895808017,1.32928470618274,1.32795251364835,1.32642930019479,1.32558133436782,1.32608987319948,1.32953692483038,1.33569326120085,1.34626663669474,1.36233149747409,1.38446565001633,1.41188455986102,1.44426803683317,1.47976597089268,1.51569262028665,1.54976506117765,1.57967204887399,1.60565098984526,1.6272162990205,1.64568414665897,1.66276908430023,1.68132652544926,1.70169348437051,1.72515832987465,1.75271533173032,1.78457989308663,1.82135211937414,1.86227272091695,1.90792258891671,1.95785895131844,2.01140241122769,2.06619631151746,2.11985307521998,2.17037346732252,2.21262301875052,2.24284306083854,2.25730221220949,2.25581836245206,2.23729074299172,2.20387732937002,2.15832954462116,2.10407769334873,2.04456756055281,1.98050663035422,1.91489066807516,1.84857139578709,1.78218020737019,1.71628154212678,1.65118817666096,1.58810290545351,1.52837280470475,1.47375900124944,1.42566310943332,1.38546528283409,1.35392420048903,1.33129714631057,1.31734575266614,1.31080259773734,1.31110890590901,1.31638466933081,1.32522310420032,1.33670955549739,1.35043183265699,1.36693975364378,1.38665436001807,1.4101734722854,1.4375645233947,1.4672349306537,1.49830361214997,1.52778760703894,1.5528577419377,1.5714442775233,1.58404747281896,1.59085316801106,1.59476303899338,1.6001720995645,1.61084215407435,1.6285088985137,1.6531479789623,1.68316711148224,1.7133875904575,1.73814990448224,1.7498164358805,1.74765951914559,1.72829322777728,1.69234451968471,1.64289255507962,1.58678274973566,1.52909674683155,1.4746747600992,1.43187551297216,1.40586301135256,1.40189880395002,1.41947471415727,1.46002429089693,1.5214933841075,1.60100079421892,1.69475494966209,1.79808835846173,1.91049602918987,2.02622893669792,2.1423121760187,2.25506347915192,2.36126295213316,2.45912537511047,2.54452151918166,2.61459266451945,2.66612068436784,2.69860985918728,2.71045195475317,2.70287152858229,2.67713156069202,2.63491809439387,2.58002445888104,2.51213477940051,2.43578677019394,2.35421078765489,2.27155627822987,2.19475573484448,2.12410014463472,2.06712141732163,2.02852748840561,2.01207557631382,2.01889740285972,2.04871115888653,2.09879217564079,2.16310656112953,2.23509842148434,2.30333136977158,2.36742788099802,2.41833854887684,2.45116548681985,2.46355775960846,2.45615062617776,2.42911265247187,2.38549025753598,2.33120334581262,2.2715154441013,2.21184021213702,2.15596544923741,2.10756394876082,2.06848810206578,2.03873086664905,2.01772673039633,2.00372647651611,1.99016793399767,1.9756965719747,1.9568870500493,1.93017260190897
"1-2-5",NA,NA,NA,NA,NA,NA,NA,NA,NA,NA,NA,NA,NA,NA,NA,NA,NA,NA,NA,NA,NA,NA,NA,NA,NA,NA,NA,NA,NA,NA,NA,NA,NA,NA,NA,NA,NA,NA,NA,NA,NA,NA,NA,NA,NA,NA,NA,NA,NA,NA,NA,NA,NA,NA,NA,NA,NA,NA,NA,NA,NA,NA,NA,NA,NA,NA,NA,NA,NA,2.0658275577679,2.20871208680657,2.3782676047614,2.56864725495769,2.7785700357385,2.99850688727969,3.22183628404458,3.44222443256784,3.65577643255867,3.86083033564687,4.05606347344427,4.24267282794854,4.42347965846354,4.60183172584843,4.77608957582222,4.94926670183088,5.12080749714834,5.28872416970062,5.44717808808418,5.59523392335393,5.72520251289695,5.8302418059122,5.90262446462184,5.93123117903475,5.91708234550594,5.85144337385962,5.73160463458762,5.55708541214143,5.33200353430042,5.06046529657786,4.75140299229721,4.41771897183795,4.07162496376069,3.73227601920938,3.40113597458477,3.09270529233466,2.81583595447496,2.57638651276393,2.38034086970705,2.22581381958683,2.11596615270857,2.04641954259664,2.01301656466634,2.00657010050559,2.02273554871155,2.05420488404097,2.0894096602727,2.12087189375524,2.14160739012953,2.1518360805079,2.14906158563228,2.1369417753214,2.11967173437088,2.10198324511073,2.08781435604844,2.07800146444752,2.07514412880476,2.07859769409563,2.08618574911271,2.09743807041594,2.11102348177713,2.12724459009069,2.14791127032842,2.17722518600327,2.22131401141874,2.28329540461362,2.37140837915379,2.49131980308231,2.64792110599599,2.84173404560601,3.07333849245465,3.33924150227003,3.63536653586693,3.95791402276542,4.30325346884516,4.67090809685444,5.05919890079318,5.46857377061947,5.89981202752351,6.35136137651209,6.82099481200916,7.30358130497029,7.79208296061361,8.27840088923793,8.75109062216062,9.2075134384893,9.6378538223737,10.0356720967174,10.3955169724438,10.7095344933621,10.9781622344088,11.1955724654127,11.3602967543074,11.4718343023055,11.5365709547384,11.5529580523372,11.5289467438811,11.4744928439413,11.3981679312872,11.3084490391411,11.2070386662748,11.0982501730633,10.9777643280172,10.8376464019725,10.6563523699653,10.4288689362922,10.1385799128752,9.76855042503314,9.31104973164412,8.76967880738657,8.15961053173931,7.4930027030599,6.80732138366587,6.13492061346271,5.51306333624902,4.95486462363563,4.47441617638996,4.07653488693783,3.75420469690069,3.49222850742942,3.27317089011266,3.09449428623274,2.93477319703323,2.78601119236861,2.64187680353388,2.50311406877964,2.37047267587325,2.24627838611744,2.13493225352302,2.04215304007174,1.97721804105454,1.93741626118568,1.93394133772501,1.97170809050059,2.05619083480556,2.19103746158273,2.37661736571652,2.61413353624417,2.90219027495433,3.23814324778415,3.61472395039915,4.0305151456364,4.47546335342007,4.94041071728607,5.41591649613733,5.88835316498225,6.3559575471261,6.80675852322178,7.23392158037905,7.63260267945718,8.00084649574535,8.33804132013222,8.64558865279926,8.92895325130805,9.19319718629823,9.44450458086937,9.6859881781441,9.92259659480448,10.157394420454,10.3909806388036,10.621720668396,10.8471340525338,11.0616775976711,11.2572552370686,11.4249435166943,11.5567784438755,11.6419793008935,11.6597703676374,11.6042399640464,11.4637359826555,11.2266288952615
"2-10-9",NA,NA,NA,NA,NA,NA,NA,NA,NA,NA,NA,NA,NA,NA,NA,NA,NA,NA,NA,NA,NA,NA,NA,NA,NA,NA,NA,NA,NA,NA,NA,NA,NA,NA,NA,NA,NA,NA,NA,NA,NA,NA,NA,NA,NA,NA,NA,NA,NA,NA,NA,NA,NA,NA,NA,NA,NA,NA,NA,NA,NA,NA,NA,NA,NA,NA,NA,NA,NA,1.78179459079336,1.73422888129568,1.67731670560245,1.6118287246307,1.53743234278408,1.45899274025089,1.38216527435059,1.31468091241238,1.26277829117247,1.22899191855758,1.21819086130954,1.23111935805793,1.2663302301239,1.31760821179247,1.3848686086683,1.45907833740856,1.53418079515195,1.60446342958783,1.66553176943457,1.7173277783919,1.75821219719467,1.78957257695049,1.81363432663305,1.83426617062513,1.85086764338889,1.86652819402,1.88256907330617,1.89949463938285,1.9175342693376,1.93643328017148,1.95628616184175,1.97663980499053,1.99680498933438,2.01434655304959,2.02945928921537,2.0396419138845,2.04287162027288,2.03797245484115,2.02559680414369,2.00637047078714,1.98239708964017,1.95771015549513,1.9359920536858,1.92161177495625,1.91487392221776,1.91756693538775,1.92886667314429,1.9467429298603,1.96720851814969,1.98786189362196,2.00621500011228,2.01844947352753,2.02264248288985,2.01750884674617,2.00388311835506,1.98177757902395,1.95328694873474,1.92039490975934,1.88541924627627,1.84988035817742,1.81419821647582,1.77973490048782,1.74655412769082,1.71445604063835,1.68289115735785,1.65196421890345,1.62119834249188,1.59066606403164,1.56070970068668,1.53172640551041,1.50431828988523,1.47888167388064,1.45570691925105,1.43453212868089,1.41445275297544,1.39564704025788,1.37653548886636,1.3560349635331,1.33333282223535,1.30904133331118,1.28262115128484,1.25600126882773,1.23162828303518,1.21267906576707,1.20395896414796,1.20591494564961,1.2225048634593,1.25493986492671,1.30278778874991,1.36180980200126,1.43024527914347,1.50169925768412,1.56947529753762,1.62838678944142,1.67468492683996,1.70890052618506,1.73145932396841,1.74620581827082,1.75710853547993,1.7670325732771,1.77680463068632,1.78583042486743,1.79127541567286,1.78915349798239,1.7746244637141,1.74725895030788,1.70541778287007,1.65124081114283,1.58854452385556,1.52433052936248,1.46269541734502,1.40836700462866,1.36715327502831,1.34204390411153,1.33473356997391,1.34321773495059,1.3672921735201,1.40250658622953,1.4450435562136,1.49073729904808,1.53690102922072,1.58295346450619,1.62686810262234,1.66878384609467,1.70923119153752,1.74878161348635,1.78688752511711,1.82363909673614,1.85816967648575,1.88919574577251,1.91559743544067,1.93652949023421,1.95127030369268,1.95940014640775,1.96057304224049,1.95478853036103,1.94208817644705,1.92261155336522,1.8966066661303,1.86441156111053,1.82701237803971,1.78470423824846,1.7389831466644,1.69124561666365,1.64282878712946,1.59524126052034,1.5490403890185,1.50537244101752,1.46492966572858,1.42830991525678,1.39668058516159,1.37008886071972,1.34973709317986,1.33651214012961,1.33133685700539,1.33483559576393,1.34784541954853,1.3707222493052,1.40319697402625,1.44486420504196,1.49489786546941,1.55253295741844,1.61637252112664,1.68478033821429,1.75612392135564,1.82903850279312,1.90153168597888,1.97070944167167,2.03556631065661,2.09442784651819,2.14576270133791
"2-13-5",NA,NA,NA,NA,NA,NA,NA,NA,NA,NA,NA,NA,NA,NA,NA,NA,NA,NA,NA,NA,NA,NA,NA,NA,NA,NA,NA,NA,NA,NA,NA,NA,NA,NA,NA,NA,NA,NA,NA,NA,NA,NA,NA,NA,NA,NA,NA,NA,NA,NA,NA,NA,NA,NA,NA,NA,NA,NA,NA,NA,NA,NA,NA,NA,NA,NA,NA,NA,NA,NA,NA,NA,NA,NA,NA,NA,NA,NA,NA,NA,NA,NA,NA,NA,NA,NA,NA,NA,NA,NA,NA,NA,NA,NA,1.66953483755107,1.70691203550981,1.73142248217474,1.74281174053978,1.74147982518002,1.72954662046854,1.71081724576574,1.68881215579402,1.66737552887751,1.64694651282869,1.62910546742347,1.6135189191121,1.59911809894128,1.5846521123207,1.56984150551952,1.55468525754607,1.53986400763507,1.52670760406402,1.51728970031232,1.51197067395714,1.51189871127284,1.51720228118585,1.52761067124355,1.54244539492472,1.56088430388142,1.58250607683554,1.60613036764606,1.63081377613702,1.65486805172026,1.6773202445182,1.69699552108082,1.71199094312247,1.72118832289072,1.72385748356986,1.72099286128029,1.71263933781474,1.70115146120554,1.6884535148205,1.67644248321431,1.66626575400701,1.65800696074575,1.65197296365628,1.64779117506437,1.64566261542849,1.64632785345308,1.65014413202952,1.65926889824385,1.67566822589797,1.70125579534663,1.7358163409745,1.7799256340837,1.83108975555321,1.88624944072949,1.9415178140821,1.99183869851303,2.03641323196847,2.07103330065593,2.09391200002506,2.10411646700449,2.10161975657057,2.08734506162348,2.06232712820077,2.02830988766984,1.98668645348817,1.93915496282091,1.88584458042897,1.82799674666102,1.76691506233751,1.70392418845369,1.64208610543976,1.58241490425135,1.52843403293613,1.48323234470935,1.44917847638263,1.4275048732932,1.41770866610006,1.41907525785362,1.42855476168834,1.44350175973099,1.46287998225386,1.48533707336099,1.51145474723141,1.54327617563429,1.58347609679299,1.63494014391198,1.69762324655006,1.77248760306447,1.85623603159362,1.94399815368346,2.02596090561139,2.09604744921046,2.1476733094373,2.17129696558941,2.16196158429019,2.11816028141204,2.04613713844274,1.94719197301117,1.83530452084729,1.72206780609793,1.62022539559462,1.53699654738223,1.47467933404333,1.43625558148512,1.41923514112528,1.41959446049346,1.43103576345837,1.45480389830354,1.48535915279404,1.52160818890804,1.56260794444426,1.6061150472636,1.65261100045108,1.69802197957477,1.73935791852579,1.77387544536912,1.80082745247382,1.81925502342411,1.83113323148555,1.83938366069031,1.8469488726723,1.85647212181571,1.86813055734427,1.88232472431555,1.89763499811287,1.91210277657018,1.92358032154249,1.9317452043389,1.93608569795842,1.93750736468895,1.93749699567494,1.93771116414285,1.93938590053856,1.94350676984095,1.95022930500779,1.95912660719634,1.96935368035316,1.98001488942198,1.99015750374443,1.99905091243383,2.00633729392447,2.01206555849728,2.01635099013448,2.01941382826326,2.02207621460211,2.02495284331414,2.02869145189891
"2-14-7",NA,NA,NA,NA,NA,NA,NA,NA,NA,NA,NA,NA,NA,NA,NA,NA,NA,NA,NA,NA,NA,NA,NA,NA,NA,NA,NA,NA,NA,NA,NA,NA,NA,NA,NA,NA,NA,NA,NA,NA,NA,NA,NA,NA,NA,NA,NA,NA,NA,NA,NA,NA,NA,NA,NA,NA,NA,NA,NA,NA,NA,NA,NA,NA,NA,NA,NA,NA,NA,NA,NA,NA,NA,NA,NA,NA,NA,NA,NA,NA,NA,NA,NA,NA,NA,NA,NA,NA,NA,NA,NA,NA,NA,NA,6.40630945791525,6.37266566644761,6.34546547589981,6.34249645481771,6.36580292779105,6.43569335889362,6.57085933747907,6.78855025703004,7.11895634710221,7.55359308724668,8.11133080730924,8.79280839201948,9.59348660671529,10.4949769531936,11.4840811393029,12.5388017763576,13.6210498845788,14.6979513045557,15.7285986322242,16.6962978358628,17.5732655841766,18.3427097907692,18.9999234480422,19.5572674856792,20.0242534964393,20.4137226945474,20.7537489926294,21.0572350181681,21.3126232458729,21.5048417475616,21.6141934298849,21.5871342055959,21.3772473298831,20.93352319658,20.2573622351301,19.3356241414407,18.2026023722275,16.9092527804694,15.5322468466258,14.1569725146509,12.8164568204456,11.6076755863957,10.5811973730298,9.77468058647851,9.18736929574942,8.83095946897483,8.67611899900538,8.69851040848124,8.87971139626177,9.20872271922063,9.69820739730218,10.3550261761503,11.2020560584084,12.2640751481054,13.5495745927569,15.0490993437493,16.7406190605734,18.5832359479549,20.5292093934152,22.5136427164741,24.5212768611692,26.4988372448931,28.4123620221038,30.2329851081148,31.9124272507376,33.4476913349365,34.7919042525306,35.9169227289122,36.8007154619871,37.4507037598651,37.859120616998,38.0524371421078,38.0799503765393,37.9853383144775,37.808043503881,37.5599027688563,37.2552548608829,36.8709056423263,36.3652712181701,35.6360725521377,34.6689346777835,33.3922027837344,31.74813970209,29.7199094953925,27.3441485558526,24.7030789149369,21.8616529266631,18.9997056633696,16.2690340226744,13.8497417455312,11.8069405305512,10.2135419836914,9.10838452694803,8.47534166830973,8.27267623319084,8.41950650236885,8.91287598518323,9.65142191552773,10.588490681081,11.682734620477,12.8957076325108,14.225781705128,15.6271367983235,17.0731874257754,18.5239123258947,19.9378290997778,21.2831633914434,22.509827466233,23.5754862268836,24.4400069073362,25.0948740940236,25.522564165146,25.7449840923699,25.7934675933311,25.7094034385083,25.5584676997424,25.3494473710016,25.1463882039543,24.9846857583057,24.8870422480486,24.8692621887351,24.919927786125,25.0386940483448,25.2132804882137,25.4384805384552,25.7388134029323,26.1025267326338,26.5632790849389,27.1381091068961,27.8378673301632,28.6460592103132,29.5465711975199,30.4869500146406,31.3798904906402,32.1377732578013,32.671065822803,32.9076436074769,32.7866818413132,32.2782093464257,31.3806592618018,30.1020154291385,28.4756657539196,26.611600395375,24.5333348184948,22.2966606766925,19.9557394300147
"2-9-5",NA,NA,NA,NA,NA,NA,NA,NA,NA,NA,NA,NA,NA,NA,NA,NA,NA,NA,NA,NA,NA,NA,NA,NA,NA,NA,NA,NA,NA,NA,NA,NA,NA,NA,NA,NA,NA,NA,NA,NA,NA,NA,NA,NA,NA,NA,NA,NA,NA,NA,NA,NA,NA,NA,NA,NA,NA,NA,NA,NA,NA,NA,NA,NA,NA,NA,NA,NA,NA,NA,NA,NA,NA,NA,NA,NA,NA,NA,NA,NA,NA,NA,NA,NA,NA,NA,NA,NA,NA,NA,NA,NA,NA,NA,NA,NA,NA,NA,NA,NA,NA,NA,NA,NA,NA,NA,NA,NA,NA,4.88153460417997,5.00367198553078,5.09126260148482,5.15302471707646,5.19137323332873,5.2117234938558,5.22147247313753,5.22389464192387,5.21850359126297,5.20441119636367,5.1803890473298,5.13957125936882,5.07770062575632,4.99220852830868,4.88641965988219,4.762792708513,4.6309819429181,4.50128758730826,4.38759793685021,4.29634483197659,4.23243466949031,4.20148505073226,4.20435715221376,4.23920381849417,4.30096889007783,4.39239105012038,4.50448327674654,4.6309233326966,4.7608707605777,4.8830373916866,4.99247554635973,5.07514529642057,5.12559993881291,5.14565246709518,5.15481733225916,5.15481037579731,5.17948336982951,5.25442944189819,5.40167044007972,5.62988301226722,5.93756845838703,6.31301478882767,6.7342981832164,7.17870151052324,7.62609165825707,8.07388600402559,8.51733861929976,8.96357713990006,9.42307846164655,9.90434475248986,10.406217982107,10.9245296182579,11.4451455637607,11.9507851495909,12.4183670128281,12.8437348362835,13.2142453457366,13.5283016280984,13.7885683226776,13.9966279944092,14.1610394532961,14.2827190727172,14.3647759795744,14.4075754272515,14.4147366397023,14.3875897163203,14.3293225586204,14.2538213287399,14.175621012562,14.1210912967078,14.1014721057569,14.1374368713935,14.2461036002357,14.4345842113015,14.6923097257193,15.0015644465626,15.3501917918126,15.6928703865254,15.9958490270476,16.2311527315481,16.3963656063764,16.4842309943516,16.5211344377881,16.5417596328741,16.5981181563883,16.728266089255,16.9487940785639,17.2923557143867,17.7598380843184,18.3282290658357,18.9364976495016,19.5801919720517,20.1678641222087,20.6382215377746,20.9326515801658,21.0243242858153,20.9063411772716,20.5908419234839,20.1174305833282,19.5424917324961,18.9553960827059,18.3579388960933,17.833295896513,17.4226079005352,17.1501525807008,17.0175004292768,17.0174791674499,17.1279495816933,17.3081284409389,17.5176955906371,17.6909589848136,17.8312288252635,17.8909113470276,17.8475016460467,17.6940404855639,17.4399373721664,17.0893162084177,16.6623506394956,16.19330961144,15.7109398203169,15.243549176217,14.8107163121474,14.4300438557552,14.108931394799,13.8450608008596,13.6340296729537,13.463653524538,13.2938523662667,13.1171049103475,12.912803061969,12.6593676553105
"2-10-11",NA,NA,NA,NA,NA,NA,NA,NA,NA,NA,NA,NA,NA,NA,NA,NA,NA,NA,NA,NA,NA,NA,NA,NA,NA,NA,NA,NA,NA,NA,NA,NA,NA,NA,NA,NA,NA,NA,NA,NA,NA,NA,NA,NA,NA,NA,NA,NA,NA,NA,NA,NA,NA,NA,NA,NA,NA,NA,NA,NA,NA,NA,NA,NA,NA,NA,NA,NA,NA,NA,NA,NA,NA,NA,NA,NA,NA,NA,NA,NA,NA,NA,NA,NA,NA,NA,NA,NA,NA,NA,NA,NA,NA,NA,NA,NA,NA,NA,NA,NA,NA,NA,NA,NA,NA,NA,NA,NA,NA,1.23927100094797,1.19766435640289,1.15965988337537,1.13022300347134,1.1101064267137,1.10169924478291,1.1065965298918,1.12523920170078,1.15876101995147,1.20591643628066,1.26771982204932,1.34345045829853,1.43234069031631,1.53189951956398,1.63871409031242,1.75053408459957,1.86038335996094,1.96282359069987,2.05166323476413,2.12461820722111,2.17908769745506,2.21444553425426,2.23159606654962,2.23212316171211,2.21915049259657,2.1924805655764,2.15555889331419,2.10975832031582,2.05634185637182,1.99720200502458,1.93227213345999,1.86425100218749,1.79509037973356,1.72732191938118,1.66361192818073,1.6053953023724,1.55514410661886,1.5143752674386,1.48422271192495,1.46453165817534,1.4552979089307,1.4551651861761,1.46251976305456,1.47582276268695,1.4929866899366,1.51423420304042,1.53800068778942,1.56339337984387,1.58952850359906,1.61440601558425,1.63763545685174,1.65684258402556,1.67042637034246,1.67733012174718,1.6780282088544,1.67311930601124,1.66455924271732,1.65552823598705,1.64857162608539,1.64491490638987,1.64486799336509,1.64759475236061,1.65050038807737,1.65080102912411,1.64627728166976,1.6364398526509,1.62112480213575,1.60289209178831,1.58532029262452,1.57432358993993,1.57210555749042,1.58229117095488,1.60719463638266,1.64664063893347,1.69717171643352,1.75411807143636,1.81419742405148,1.86869807323611,1.91155306950598,1.93741410739987,1.94627061959996,1.93743542694125,1.91476804934137,1.88317029146931,1.84855297414126,1.81556967636958,1.7847445432033,1.75921545162362,1.73863423165976,1.7220018315506,1.70777199702728,1.69624657758477,1.68665285399775,1.67937125178569,1.67485041883156,1.672603231392,1.67323007718137,1.67499838791696,1.67651291437975,1.67654687772247,1.67486714386956,1.67111789171224,1.66647876218265,1.66253102691815,1.66078848802323,1.66192934655276,1.66621381766139,1.67279452858742,1.67985940989696,1.68533284895494,1.68688390206542,1.68408133785051,1.67595280440357,1.66314757217486,1.64705198964798,1.62978671768155,1.6131094159072,1.59931980626694,1.59038243167252,1.58744923692676,1.59075762202168,1.59997057227267,1.61336452378759,1.6279180381553,1.63991862479841,1.64603264862504,1.64120675460077,1.61599843547091,1.56756628569127,1.49042407199854,1.37899623473444
"2-10-14",NA,NA,NA,NA,NA,NA,NA,NA,NA,NA,NA,NA,NA,NA,NA,NA,NA,NA,NA,NA,NA,NA,NA,NA,NA,NA,NA,NA,NA,NA,NA,NA,NA,NA,NA,NA,NA,NA,NA,NA,NA,NA,NA,NA,NA,NA,NA,NA,NA,NA,NA,NA,NA,NA,NA,NA,NA,NA,NA,NA,NA,NA,NA,NA,NA,NA,NA,NA,NA,NA,NA,NA,NA,NA,NA,NA,NA,NA,NA,NA,NA,NA,NA,NA,NA,NA,NA,NA,NA,NA,NA,NA,NA,NA,NA,NA,NA,NA,NA,NA,NA,NA,NA,NA,NA,NA,NA,NA,NA,NA,NA,NA,NA,NA,NA,NA,NA,NA,NA,NA,NA,NA,NA,NA,1.85220096276996,1.97766011079882,2.0937459881868,2.19674589973615,2.28490783802345,2.35553123703213,2.40715864083369,2.43913920678243,2.45196036727599,2.44845945157216,2.42892293011541,2.39835471823884,2.36017151553785,2.31751892261989,2.27222649624505,2.22484475998853,2.17561084285651,2.12361587249184,2.06737249527898,2.0058516838419,1.94040857126614,1.87101180952206,1.79913649659123,1.72671985243691,1.65705049214897,1.58995424303381,1.52864743738175,1.47581691068919,1.43519606450274,1.41404790944466,1.4127137986006,1.43871114383766,1.49592437207915,1.58594011010979,1.70459411837626,1.84870605858879,2.00862870304968,2.17182503018221,2.32749057213857,2.46494750046198,2.58387737598286,2.6810504924834,2.75950083360053,2.82351792642198,2.87573501433231,2.91796481985795,2.94850861424695,2.96390248349329,2.95896183316474,2.92820346103175,2.8718338503417,2.78861115489287,2.68421812551944,2.56592790033642,2.44621705351033,2.3310638325971,2.22840583124206,2.14671021131486,2.08995410050498,2.05956798647146,2.05154888003501,2.06555294217483,2.0929799496677,2.12677054466951,2.1575741998015,2.18019765002401,2.19239110855127,2.18851392979929,2.16763909096646,2.13054416504395,2.08213077615806,2.0215093189232,1.95662650208175,1.89289517908613,1.83746125691129,1.79697467787525,1.7722225089085,1.76990954585471,1.79230342045562,1.84022352835116,1.90876710358207,1.99896317006643,2.10185343621363,2.20971455521848,2.31372593855174,2.40255371626687,2.47564485642325,2.52365998055597,2.54303398925294,2.53227572865044,2.49360666421894,2.42841795664152,2.34200002140735,2.24140809004678,2.13294480976676,2.02612879872787,1.92052534275191,1.82285135646432,1.73642621807467,1.66309387760652,1.60336562606808,1.55895711297715,1.53048428817343,1.51699527523368,1.51791893178603,1.53161847056908,1.55668176318993,1.58934633909656,1.624435094748,1.65623134576626,1.67943440806737,1.6863152769879,1.66458194321179,1.60908536780922,1.51176358311458,1.3644700425165
"3-20-19",NA,NA,NA,NA,NA,NA,NA,NA,NA,NA,NA,NA,NA,NA,NA,NA,NA,NA,NA,NA,NA,NA,NA,NA,NA,NA,NA,NA,NA,NA,NA,NA,NA,NA,NA,NA,NA,NA,NA,NA,NA,NA,NA,NA,NA,NA,NA,NA,NA,NA,NA,NA,NA,NA,NA,NA,NA,NA,NA,NA,NA,NA,NA,NA,NA,NA,NA,NA,NA,NA,NA,NA,NA,NA,NA,NA,NA,NA,NA,NA,NA,NA,NA,NA,NA,NA,NA,NA,NA,NA,NA,NA,NA,NA,NA,NA,NA,NA,NA,NA,NA,NA,NA,NA,NA,NA,NA,NA,NA,NA,NA,NA,NA,NA,NA,NA,NA,NA,NA,NA,NA,NA,NA,NA,NA,NA,NA,NA,NA,3.37787386298263,3.55709895059986,3.77570334860565,4.0341589774827,4.32667759689065,4.65189370346746,5.0001156030325,5.36432330356373,5.73974728837089,6.12217449679856,6.51093665404128,6.90541888292551,7.30591226337411,7.71052789598731,8.10883541014787,8.49804819407512,8.8598385428141,9.17706502107588,9.43057569382648,9.60132381085817,9.6874052848232,9.67803202477556,9.57314120671452,9.37585052828778,9.0959906865175,8.73682055128503,8.31111872631605,7.8323493195699,7.31332344937463,6.77541681453781,6.22235943652077,5.67507293626056,5.14908560934197,4.6560294349207,4.2042261360753,3.79425611976852,3.42744664555392,3.09646959292535,2.79539367042852,2.52041211891887,2.27056728810839,2.0479802726542,1.85737777909846,1.70611666315977,1.60375092034016,1.55050434549589,1.54977440415618,1.59755248556543,1.68673078502615,1.8040009967492,1.94023431275351,2.08557117989999,2.22606622989729,2.35310611557394,2.46006909368756,2.5474581593949,2.61296563306135,2.66172462370614,2.6988030863544,2.72992890888834,2.75917869673994,2.78672654311911,2.81491674123943,2.84150751408111,2.86115275996646,2.86910087036155,2.86297972349917,2.83732845810643,2.79050001113227,2.72406938096415,2.64606048105285,2.55740147240633,2.47178704061683,2.3998558875323,2.35269523527929,2.33764144386964,2.35628931162298,2.4101204126209,2.4949988952226,2.60401147188897,2.724696286545,2.85630284879829,2.9863131841632,3.10745865000338,3.21462234014824,3.30364620572525,3.37656481925324,3.43259247604996,3.47458017370805,3.50547420131204,3.52903436660306,3.54653873837714,3.56083928000912,3.5752894860391,3.5924321975726,3.61583764208059,3.64854640927234,3.69545179373209,3.76212455687247,3.85374402046005,3.97482179858848,4.12901530168385,4.3181469365461,4.54171637521329,4.79764186502762,5.08371869316066,5.39534626816748,5.72137258271831,6.05957819408498,6.40461991139863,6.75169209638804
"2-13-6",NA,NA,NA,NA,NA,NA,NA,NA,NA,NA,NA,NA,NA,NA,NA,NA,NA,NA,NA,NA,NA,NA,NA,NA,NA,NA,NA,NA,NA,NA,NA,NA,NA,NA,NA,NA,NA,NA,NA,NA,NA,NA,NA,NA,NA,NA,NA,NA,NA,NA,NA,NA,NA,NA,NA,NA,NA,NA,NA,NA,NA,NA,NA,NA,NA,NA,NA,NA,NA,NA,NA,NA,NA,NA,NA,NA,NA,NA,NA,NA,NA,NA,NA,NA,NA,NA,NA,NA,NA,NA,NA,NA,NA,NA,NA,NA,NA,NA,NA,NA,NA,NA,NA,NA,NA,NA,NA,NA,NA,NA,NA,NA,NA,NA,NA,NA,NA,NA,NA,NA,NA,NA,NA,NA,NA,NA,NA,NA,NA,NA,NA,NA,NA,NA,1.83586634128112,1.78505412523279,1.73885038988683,1.69944119908128,1.6677935490159,1.64521961258999,1.63190570379636,1.62757091256362,1.63099895091787,1.6393224541744,1.65296927918509,1.66797250414221,1.68205810983168,1.69354552339463,1.70274660777487,1.70888227004226,1.71418393090015,1.72159274884956,1.73475284153714,1.75871925195769,1.79349972895321,1.8426411985175,1.90636504963969,1.98304094470653,2.06645131245063,2.15475071666262,2.24004228857334,2.31484608400107,2.37347415653928,2.41129784032604,2.42955051166505,2.42823942415986,2.41165501868498,2.38425230074801,2.3499821671113,2.31044636828325,2.26622013168781,2.21651462150914,2.15912592880276,2.09203022827767,2.01542037914194,1.92960830477273,1.83818851177533,1.74581188800349,1.6602287234912,1.58444387049338,1.52333193220377,1.48084461024433,1.45844179660244,1.45571389002424,1.46900005798383,1.49728342184528,1.53371896007397,1.57294838722979,1.60797687976776,1.63516641652622,1.65258894547119,1.65621606580207,1.645006983955,1.61845475348153,1.57940710008952,1.52653520727527,1.46449412265647,1.39662828309441,1.32807155625723,1.26555838777513,1.2096447373506,1.16875088394739,1.1474863550624,1.14985584890361,1.17555869054471,1.22592840452027,1.29667574557102,1.38257505709057,1.47703411053278,1.57040404899253,1.66203688716898,1.74315323020945,1.80944374283508,1.8583013637903,1.88908237332567,1.90288186089702,1.90152696208714,1.88879057627064,1.86805296075945,1.84430302960854,1.81719953466081,1.79005631682195,1.76487727864335,1.74289530643817,1.72531416778588,1.71384588865544,1.71058353278849,1.71727027878978,1.73560588815456,1.76632609285981,1.80973977512216,1.86386152868719,1.92459844507649,1.98661986923197,2.04474985095409,2.09111573116494,2.11139226523263,2.1003421732108,2.04912145440352,1.94884563024124
"1-2-10",NA,NA,NA,NA,NA,NA,NA,NA,NA,NA,NA,NA,NA,NA,NA,NA,NA,NA,NA,NA,NA,NA,NA,NA,NA,NA,NA,NA,NA,NA,NA,NA,NA,NA,NA,NA,NA,NA,NA,NA,NA,NA,NA,NA,NA,NA,NA,NA,NA,NA,NA,NA,NA,NA,NA,NA,NA,NA,NA,NA,NA,NA,NA,NA,NA,NA,NA,NA,NA,NA,NA,NA,NA,NA,NA,NA,NA,NA,NA,NA,NA,NA,NA,NA,NA,NA,NA,NA,NA,NA,NA,NA,NA,NA,NA,NA,NA,NA,NA,NA,NA,NA,NA,NA,NA,NA,NA,NA,NA,NA,NA,NA,NA,NA,NA,NA,NA,NA,NA,NA,NA,NA,NA,NA,NA,NA,NA,NA,NA,NA,NA,NA,NA,NA,NA,NA,NA,NA,NA,1.90760675990136,2.01725189924956,2.14308501962291,2.30063785087682,2.50252281267741,2.75178666346857,3.05496207639367,3.41068346022879,3.81377374553866,4.24923564458447,4.71692419592334,5.1981995562277,5.67759486310785,6.13825332572599,6.55470809720703,6.925811346732,7.22883970123222,7.45365265835183,7.59656677822658,7.66754425800894,7.67335150959502,7.63571306493242,7.58292674857962,7.53837607623878,7.52298545642907,7.53889218573928,7.59135598458429,7.6733508654462,7.77503537292363,7.89076554000302,8.01791576675043,8.16122759390603,8.33245943886548,8.54801359472623,8.84064229003083,9.20503823963387,9.65809473059568,10.2014835106564,10.8294283163663,11.5229135998214,12.2583549158074,13.0212656662705,13.7634596710536,14.4425567755359,14.9876030338286,15.3658747258281,15.534464173602,15.4406159133792,15.0595810187775,14.3889882753128,13.4784732540444,12.3351033371193,11.0623059939544,9.74158155162667,8.46307372643649,7.28309626944759,6.22341260981246,5.31496538202889,4.55114595791003,3.91609174512115,3.37633530324654,2.94382073628812,2.5883028710809,2.30717401760671,2.10143808686838,1.96382542388615,1.90276661281391,1.89996889841406,1.94075083455062,2.00739706768218,2.08020605713458,2.15298290253537,2.21238876145396,2.25392252776936,2.27491449758474,2.27360025660407,2.25144623797478,2.20688763139539,2.14186006971602,2.05868704059596,1.96950287837061,1.8740001050413,1.78759942288296,1.72622812455815,1.70276441960762,1.72592015897228,1.80208252323932,1.93221783214116,2.10844054477134,2.32040875195785,2.55479052846635,2.80064130075821,3.04529959816866,3.27900566087376,3.49627531790824,3.69474015643346,3.87250752509245,4.03255713029489,4.17771958106724,4.31117331085882,4.43670122699487
